45.231116 45.231116
45.534454 45.534454
45.712861 45.712732
45.840124 45.839875
45.939366 45.939045
46.020887 46.020529
46.090161 46.089785
46.150475 46.150089
46.203949 46.203558
46.252029 46.251637
46.295746 46.295355
46.335864 46.335475
46.372959 46.372573
46.407482 46.407098
46.439789 46.439408
46.470168 46.469790
46.498853 46.498478
46.526039 46.525667
46.551889 46.551520
46.576541 46.576176
46.600113 46.599751
46.622706 46.622348
46.644408 46.644053
46.665295 46.664944
46.685436 46.685088
46.704888 46.704544
46.723705 46.723364
46.741935 46.741596
46.759618 46.759283
46.776796 46.776464
46.793504 46.793175
46.809771 46.809446
46.825627 46.825304
46.841095 46.840776
46.856201 46.855884
46.870964 46.870649
46.885404 46.885092
46.899540 46.899230
46.913388 46.913080
46.926964 46.926658
46.940279 46.939974
46.953345 46.953042
46.966176 46.965874
46.978785 46.978484
46.991182 46.990882
47.003379 47.003079
47.015385 47.015086
47.027210 47.026912
47.038863 47.038566
47.050353 47.050057
47.061687 47.061391
47.072872 47.072577
47.083915 47.083619
47.094820 47.094525
47.105595 47.105299
47.116244 47.115948
47.126772 47.126476
47.137183 47.136888
47.147483 47.147188
47.157674 47.157381
47.167761 47.167469
47.177747 47.177456
47.187635 47.187346
47.197432 47.197145
47.207142 47.206857
47.216766 47.216484
47.226308 47.226027
47.235768 47.235490
47.245149 47.244874
47.254453 47.254180
47.263680 47.263410
47.272833 47.272565
47.281912 47.281646
47.290918 47.290655
47.299843 47.299583
47.308689 47.308431
47.317455 47.317200
47.326143 47.325890
47.334753 47.334504
47.343288 47.343041
47.351746 47.351502
47.360130 47.359888
47.368441 47.368201
47.376678 47.376440
47.384843 47.384607
47.392937 47.392704
47.400961 47.400730
47.408917 47.408687
47.416804 47.416576
47.424625 47.424399
47.432380 47.432156
47.440071 47.439848
47.447700 47.447478
47.455267 47.455047
47.462774 47.462555
47.470222 47.470005
47.477613 47.477397
47.484949 47.484735
47.492231 47.492018
47.499461 47.499249
47.506639 47.506428
47.513768 47.513558
47.520848 47.520640
47.527882 47.527675
47.534871 47.534665
47.541815 47.541610
47.548717 47.548513
47.555578 47.555374
47.562398 47.562196
47.569180 47.568978
47.575924 47.575723
47.582632 47.582432
47.589306 47.589107
47.595946 47.595748
47.602554 47.602357
47.609131 47.608935
47.615678 47.615483
47.622196 47.622002
47.628686 47.628493
47.635149 47.634956
47.641585 47.641393
47.647995 47.647804
47.654379 47.654190
47.660739 47.660550
47.667073 47.666885
47.673383 47.673196
47.679669 47.679483
47.685931 47.685747
47.692170 47.691986
47.698386 47.698203
47.704580 47.704397
47.710750 47.710569
47.716899 47.716718
47.723026 47.722846
47.729132 47.728952
47.735217 47.735037
47.741280 47.741102
47.747323 47.747145
47.753346 47.753169
47.759349 47.759172
47.765332 47.765155
47.771295 47.771119
47.777240 47.777064
47.783165 47.782990
47.789072 47.788897
47.794961 47.794786
47.800832 47.800657
47.806685 47.806510
47.812520 47.812346
47.818338 47.818165
47.824139 47.823966
47.829924 47.829751
47.835692 47.835519
47.841447 47.841275
47.847190 47.847017
47.852920 47.852748
47.858637 47.858466
47.864343 47.864171
47.870036 47.869865
47.875717 47.875546
47.881386 47.881215
47.887043 47.886872
47.892688 47.892518
47.898322 47.898151
47.903947 47.903777
47.909566 47.909396
47.915177 47.915007
47.920781 47.920611
47.926377 47.926207
47.931966 47.931796
47.937548 47.937378
47.943122 47.942952
47.948688 47.948519
47.954247 47.954077
47.959798 47.959629
47.965335 47.965166
47.970859 47.970691
47.976369 47.976201
47.981866 47.981698
47.987349 47.987181
47.992817 47.992649
47.998271 47.998104
48.003711 48.003544
48.009136 48.008969
48.014547 48.014380
48.019942 48.019776
48.025323 48.025156
48.030689 48.030522
48.036040 48.035873
48.041375 48.041209
48.046696 48.046529
48.052001 48.051834
48.057291 48.057124
48.062566 48.062399
48.067825 48.067659
48.073070 48.072903
48.078299 48.078132
48.083513 48.083346
48.088712 48.088545
48.093896 48.093729
48.099066 48.098899
48.104221 48.104054
48.109361 48.109194
48.114487 48.114320
48.119599 48.119431
48.124696 48.124528
48.129780 48.129612
48.134849 48.134681
48.139905 48.139737
48.144948 48.144779
48.149976 48.149807
48.154992 48.154823
48.159994 48.159825
48.164984 48.164814
48.169960 48.169790
48.174924 48.174754
48.179876 48.179706
48.184815 48.184645
48.189742 48.189572
48.194658 48.194486
48.199563 48.199392
48.204458 48.204287
48.209344 48.209173
48.214220 48.214049
48.219087 48.218915
48.223944 48.223772
48.228791 48.228620
48.233629 48.233458
48.238458 48.238287
48.243277 48.243106
48.248087 48.247916
48.252888 48.252717
48.257678 48.257507
48.262459 48.262288
48.267231 48.267060
48.271992 48.271822
48.276744 48.276574
48.281487 48.281316
48.286219 48.286049
48.290942 48.290773
48.295656 48.295486
48.300360 48.300191
48.305054 48.304885
48.309739 48.309570
48.314413 48.314245
48.319079 48.318910
48.323734 48.323566
48.328380 48.328213
48.333016 48.332849
48.337643 48.337476
48.342260 48.342093
48.346867 48.346701
48.351465 48.351299
48.356053 48.355887
48.360631 48.360465
48.365199 48.365033
48.369756 48.369591
48.374303 48.374138
48.378841 48.378676
48.383367 48.383203
48.387884 48.387720
48.392391 48.392226
48.396887 48.396723
48.401373 48.401209
48.405849 48.405685
48.410315 48.410150
48.414770 48.414606
48.419215 48.419051
48.423650 48.423486
48.428075 48.427911
48.432490 48.432326
48.436894 48.436730
48.441288 48.441124
48.445672 48.445508
48.450046 48.449881
48.454409 48.454245
48.458762 48.458598
48.463105 48.462941
48.467437 48.467273
48.471760 48.471595
48.476072 48.475907
48.480373 48.480209
48.484665 48.484500
48.488946 48.488781
48.493217 48.493052
48.497477 48.497312
48.501727 48.501562
48.505967 48.505802
48.510197 48.510031
48.514416 48.514250
48.518625 48.518459
48.522823 48.522657
48.527011 48.526845
48.531189 48.531023
48.535356 48.535190
48.539514 48.539347
48.543660 48.543493
48.547797 48.547630
48.551923 48.551755
48.556040 48.555873
48.560149 48.559981
48.564249 48.564081
48.568341 48.568173
48.572425 48.572256
48.576500 48.576331
48.580566 48.580397
48.584624 48.584455
48.588674 48.588504
48.592715 48.592545
48.596748 48.596578
48.600769 48.600598
48.604778 48.604606
48.608774 48.608603
48.612759 48.612587
48.616732 48.616559
48.620692 48.620519
48.624641 48.624468
48.628578 48.628404
48.632503 48.632328
48.636416 48.636241
48.640317 48.640141
48.644206 48.644030
48.648083 48.647907
48.651949 48.651772
48.655802 48.655625
48.659644 48.659466
48.663475 48.663296
48.667293 48.667114
48.671100 48.670920
48.674895 48.674715
48.678679 48.678498
48.682451 48.682270
48.686211 48.686030
48.689960 48.689778
48.693697 48.693515
48.697423 48.697240
48.701137 48.700954
48.704839 48.704656
48.708531 48.708347
48.712211 48.712027
48.715879 48.715695
48.719536 48.719352
48.723182 48.722997
48.726817 48.726631
48.730440 48.730254
48.734052 48.733866
48.737652 48.737466
48.741242 48.741056
48.744820 48.744634
48.748388 48.748201
48.751944 48.751756
48.755489 48.755301
48.759023 48.758835
48.762546 48.762358
48.766058 48.765869
48.769559 48.769370
48.773049 48.772860
48.776527 48.776338
48.779995 48.779806
48.783451 48.783262
48.786896 48.786707
48.790329 48.790140
48.793751 48.793561
48.797161 48.796972
48.800560 48.800370
48.803947 48.803756
48.807324 48.807133
48.810690 48.810500
48.814048 48.813857
48.817395 48.817204
48.820733 48.820541
48.824060 48.823869
48.827378 48.827186
48.830686 48.830494
48.833984 48.833792
48.837272 48.837079
48.840550 48.840357
48.843818 48.843625
48.847077 48.846884
48.850328 48.850134
48.853570 48.853376
48.856803 48.856609
48.860028 48.859833
48.863243 48.863049
48.866451 48.866256
48.869649 48.869454
48.872839 48.872644
48.876020 48.875825
48.879193 48.878997
48.882357 48.882161
48.885512 48.885315
48.888658 48.888461
48.891795 48.891598
48.894924 48.894727
48.898044 48.897847
48.901155 48.900958
48.904258 48.904060
48.907352 48.907154
48.910438 48.910239
48.913514 48.913316
48.916583 48.916384
48.919642 48.919443
48.922694 48.922494
48.925736 48.925537
48.928771 48.928571
48.931797 48.931596
48.934814 48.934613
48.937823 48.937622
48.940824 48.940622
48.943816 48.943615
48.946800 48.946598
48.949776 48.949574
48.952742 48.952539
48.955697 48.955494
48.958642 48.958438
48.961576 48.961372
48.964500 48.964296
48.967414 48.967209
48.970318 48.970112
48.973211 48.973005
48.976093 48.975888
48.978966 48.978760
48.981828 48.981621
48.984680 48.984473
48.987522 48.987315
48.990354 48.990146
48.993176 48.992968
48.995988 48.995780
48.998790 48.998582
49.001582 49.001374
49.004365 49.004156
49.007137 49.006928
49.009900 49.009690
49.012653 49.012443
49.015398 49.015187
49.018134 49.017923
49.020863 49.020651
49.023583 49.023371
49.026295 49.026083
49.029000 49.028787
49.031696 49.031484
49.034385 49.034172
49.037066 49.036852
49.039739 49.039525
49.042404 49.042190
49.045062 49.044847
49.047712 49.047497
49.050354 49.050139
49.052989 49.052773
49.055617 49.055400
49.058237 49.058020
49.060850 49.060632
49.063456 49.063237
49.066054 49.065835
49.068645 49.068426
49.071229 49.071009
49.073806 49.073585
49.076375 49.076154
49.078938 49.078716
49.081494 49.081272
49.084043 49.083820
49.086585 49.086361
49.089120 49.088896
49.091648 49.091424
49.094170 49.093945
49.096685 49.096459
49.099194 49.098967
49.101696 49.101468
49.104192 49.103963
49.106682 49.106453
49.109166 49.108936
49.111644 49.111414
49.114116 49.113885
49.116583 49.116351
49.119044 49.118811
49.121499 49.121266
49.123949 49.123715
49.126393 49.126159
49.128832 49.128597
49.131265 49.131029
49.133692 49.133455
49.136113 49.135875
49.138528 49.138290
49.140937 49.140698
49.143341 49.143101
49.145739 49.145498
49.148131 49.147889
49.150517 49.150274
49.152897 49.152654
49.155272 49.155028
49.157641 49.157396
49.160005 49.159758
49.162363 49.162115
49.164715 49.164467
49.167061 49.166812
49.169402 49.169152
49.171738 49.171487
49.174067 49.173816
49.176392 49.176139
49.178710 49.178456
49.181023 49.180768
49.183330 49.183075
49.185631 49.185374
49.187926 49.187668
49.190214 49.189955
49.192496 49.192236
49.194771 49.194510
49.197040 49.196779
49.199303 49.199040
49.201560 49.201296
49.203810 49.203545
49.206054 49.205788
49.208291 49.208024
49.210523 49.210255
49.212748 49.212479
49.214967 49.214697
49.217180 49.216908
49.219386 49.219114
49.221587 49.221313
49.223781 49.223507
49.225969 49.225694
49.228151 49.227875
49.230327 49.230050
49.232497 49.232220
49.234660 49.234383
49.236817 49.236539
49.238968 49.238689
49.241112 49.240833
49.243250 49.242971
49.245382 49.245102
49.247507 49.247227
49.249626 49.249346
49.251739 49.251459
49.253846 49.253565
49.255946 49.255665
49.258042 49.257760
49.260132 49.259850
49.262216 49.261935
49.264296 49.264014
49.266370 49.266088
49.268439 49.268156
49.270503 49.270220
49.272562 49.272278
49.274615 49.274332
49.276664 49.276380
49.278707 49.278423
49.280746 49.280461
49.282779 49.282494
49.284808 49.284523
49.286831 49.286546
49.288850 49.288564
49.290863 49.290577
49.292872 49.292586
49.294876 49.294589
49.296875 49.296588
49.298869 49.298582
49.300858 49.300571
49.302843 49.302555
49.304824 49.304536
49.306802 49.306513
49.308776 49.308487
49.310746 49.310457
49.312713 49.312424
49.314677 49.314387
49.316637 49.316347
49.318594 49.318303
49.320548 49.320257
49.322498 49.322206
49.324445 49.324153
49.326388 49.326096
49.328328 49.328035
49.330263 49.329970
49.332196 49.331902
49.334124 49.333831
49.336049 49.335755
49.337971 49.337676
49.339889 49.339594
49.341804 49.341508
49.343715 49.343419
49.345623 49.345327
49.347527 49.347231
49.349428 49.349131
49.351326 49.351029
49.353220 49.352923
49.355111 49.354814
49.356999 49.356701
49.358884 49.358585
49.360766 49.360467
49.362644 49.362345
49.364519 49.364220
49.366391 49.366091
49.368259 49.367959
49.370123 49.369822
49.371982 49.371680
49.373836 49.373535
49.375686 49.375385
49.377532 49.377230
49.379374 49.379071
49.381211 49.380908
49.383044 49.382741
49.384872 49.384569
49.386697 49.386393
49.388517 49.388212
49.390333 49.390029
49.392147 49.391842
49.393957 49.393652
49.395764 49.395458
49.397567 49.397262
49.399368 49.399062
49.401165 49.400858
49.402958 49.402652
49.404749 49.404442
49.406536 49.406229
49.408320 49.408013
49.410101 49.409794
49.411879 49.411571
49.413654 49.413345
49.415425 49.415116
49.417193 49.416884
49.418958 49.418649
49.420720 49.420410
49.422479 49.422169
49.424235 49.423924
49.425987 49.425676
49.427737 49.427426
49.429483 49.429171
49.431226 49.430914
49.432965 49.432653
49.434701 49.434389
49.436433 49.436121
49.438163 49.437850
49.439888 49.439575
49.441610 49.441297
49.443329 49.443015
49.445045 49.444731
49.446757 49.446442
49.448467 49.448152
49.450174 49.449859
49.451879 49.451564
49.453582 49.453266
49.455283 49.454967
49.456982 49.456665
49.458678 49.458361
49.460373 49.460055
49.462065 49.461747
49.463755 49.463437
49.465443 49.465125
49.467129 49.466810
49.468812 49.468493
49.470493 49.470174
49.472172 49.471852
49.473848 49.473528
49.475521 49.475201
49.477192 49.476872
49.478861 49.478540
49.480527 49.480206
49.482191 49.481870
49.483852 49.483531
49.485511 49.485190
49.487168 49.486846
49.488822 49.488500
49.490473 49.490151
49.492122 49.491800
49.493769 49.493446
49.495413 49.495090
49.497055 49.496732
49.498695 49.498371
49.500332 49.500008
49.501966 49.501642
49.503598 49.503274
49.505228 49.504904
49.506856 49.506532
49.508482 49.508158
49.510106 49.509781
49.511728 49.511403
49.513348 49.513023
49.514965 49.514640
49.516581 49.516256
49.518195 49.517869
49.519807 49.519481
49.521416 49.521090
49.523024 49.522698
49.524629 49.524302
49.526231 49.525904
49.527831 49.527504
49.529428 49.529101
49.531022 49.530695
49.532614 49.532286
49.534204 49.533875
49.535790 49.535462
49.537374 49.537046
49.538956 49.538627
49.540535 49.540206
49.542111 49.541782
49.543684 49.543354
49.545255 49.544924
49.546822 49.546492
49.548386 49.548056
49.549948 49.549617
49.551507 49.551176
49.553063 49.552731
49.554616 49.554284
49.556166 49.555834
49.557714 49.557381
49.559258 49.558925
49.560800 49.560467
49.562339 49.562005
49.563875 49.563541
49.565408 49.565073
49.566938 49.566603
49.568465 49.568130
49.569990 49.569654
49.571512 49.571176
49.573031 49.572694
49.574547 49.574210
49.576061 49.575723
49.577572 49.577235
49.579081 49.578743
49.580588 49.580250
49.582093 49.581754
49.583595 49.583256
49.585095 49.584755
49.586593 49.586253
49.588088 49.587748
49.589581 49.589240
49.591072 49.590731
49.592560 49.592219
49.594047 49.593705
49.595531 49.595188
49.597012 49.596670
49.598492 49.598149
49.599969 49.599625
49.601444 49.601100
49.602916 49.602572
49.604386 49.604042
49.605854 49.605509
49.607320 49.606975
49.608784 49.608438
49.610244 49.609898
49.611703 49.611356
49.613158 49.612812
49.614612 49.614264
49.616062 49.615715
49.617510 49.617162
49.618956 49.618608
49.620399 49.620050
49.621839 49.621490
49.623277 49.622928
49.624713 49.624363
49.626147 49.625797
49.627580 49.627230
49.629011 49.628661
49.630442 49.630091
49.631871 49.631520
49.633299 49.632948
49.634726 49.634374
49.636152 49.635800
49.637576 49.637224
49.639000 49.638647
49.640422 49.640069
49.641843 49.641490
49.643264 49.642911
49.644685 49.644331
49.646105 49.645750
49.647524 49.647169
49.648943 49.648588
49.650361 49.650006
49.651779 49.651424
49.653197 49.652841
49.654614 49.654258
49.656031 49.655674
49.657445 49.657088
49.658855 49.658498
49.660262 49.659905
49.661666 49.661308
49.663067 49.662708
49.664464 49.664105
49.665858 49.665498
49.667248 49.666888
49.668635 49.668275
49.670019 49.669658
49.671399 49.671038
49.672776 49.672415
49.674152 49.673790
49.675525 49.675163
49.676897 49.676534
49.678266 49.677903
49.679634 49.679271
49.681000 49.680636
49.682363 49.682000
49.683725 49.683361
49.685085 49.684721
49.686443 49.686078
49.687799 49.687434
49.689153 49.688787
49.690505 49.690139
49.691855 49.691488
49.693203 49.692836
49.694548 49.694181
49.695892 49.695524
49.697234 49.696865
49.698573 49.698204
49.699910 49.699541
49.701245 49.700876
49.702578 49.702208
49.703909 49.703538
49.705237 49.704866
49.706564 49.706192
49.707887 49.707516
49.709209 49.708837
49.710529 49.710156
49.711846 49.711472
49.713160 49.712787
49.714473 49.714099
49.715783 49.715408
49.717090 49.716715
49.718396 49.718020
49.719698 49.719322
49.720999 49.720622
49.722297 49.721920
49.723592 49.723215
49.724885 49.724507
49.726175 49.725797
49.727463 49.727084
49.728748 49.728369
49.730031 49.729651
49.731311 49.730931
49.732588 49.732208
49.733863 49.733482
49.735135 49.734754
49.736405 49.736023
49.737672 49.737290
49.738936 49.738554
49.740197 49.739815
49.741456 49.741073
49.742712 49.742329
49.743965 49.743582
49.745216 49.744832
49.746463 49.746079
49.747708 49.747324
49.748951 49.748566
49.750190 49.749805
49.751427 49.751041
49.752660 49.752274
49.753891 49.753505
49.755120 49.754733
49.756345 49.755958
49.757568 49.757180
49.758787 49.758399
49.760004 49.759616
49.761218 49.760830
49.762430 49.762040
49.763638 49.763248
49.764843 49.764454
49.766046 49.765656
49.767246 49.766855
49.768443 49.768052
49.769637 49.769245
49.770828 49.770436
49.772016 49.771624
49.773202 49.772809
49.774384 49.773991
49.775563 49.775170
49.776739 49.776345
49.777911 49.777516
49.779079 49.778684
49.780244 49.779849
49.781405 49.781009
49.782562 49.782166
49.783716 49.783320
49.784867 49.784470
49.786014 49.785617
49.787157 49.786759
49.788296 49.787898
49.789431 49.789032
49.790561 49.790162
49.791687 49.791287
49.792808 49.792408
49.793925 49.793524
49.795037 49.794636
49.796146 49.795744
49.797249 49.796847
49.798349 49.797946
49.799444 49.799041
49.800537 49.800133
49.801627 49.801223
49.802715 49.802310
49.803800 49.803395
49.804882 49.804477
49.805963 49.805557
49.807040 49.806634
49.808116 49.807709
49.809188 49.808781
49.810259 49.809851
49.811326 49.810918
49.812391 49.811982
49.813453 49.813044
49.814512 49.814102
49.815568 49.815158
49.816621 49.816210
49.817672 49.817260
49.818719 49.818307
49.819763 49.819351
49.820805 49.820392
49.821843 49.821429
49.822879 49.822464
49.823911 49.823496
49.824941 49.824526
49.825967 49.825552
49.826991 49.826575
49.828012 49.827595
49.829030 49.828612
49.830044 49.829627
49.831056 49.830638
49.832065 49.831646
49.833071 49.832651
49.834074 49.833654
49.835074 49.834653
49.836071 49.835650
49.837065 49.836643
49.838055 49.837633
49.839043 49.838621
49.840028 49.839605
49.841010 49.840587
49.841989 49.841565
49.842965 49.842541
49.843938 49.843513
49.844908 49.844483
49.845875 49.845449
49.846839 49.846412
49.847799 49.847372
49.848755 49.848328
49.849709 49.849281
49.850659 49.850231
49.851605 49.851177
49.852549 49.852120
49.853488 49.853059
49.854425 49.853996
49.855358 49.854929
49.856288 49.855858
49.857215 49.856784
49.858138 49.857707
49.859058 49.858627
49.859975 49.859544
49.860889 49.860458
49.861800 49.861368
49.862707 49.862275
49.863612 49.863179
49.864513 49.864080
49.865411 49.864978
49.866306 49.865872
49.867197 49.866764
49.868086 49.867652
49.868972 49.868538
49.869854 49.869420
49.870734 49.870299
49.871610 49.871175
49.872483 49.872048
49.873354 49.872918
49.874221 49.873785
49.875085 49.874649
49.875946 49.875510
49.876804 49.876368
49.877660 49.877223
49.878512 49.878075
49.879361 49.878924
49.880208 49.879770
49.881051 49.880613
49.881892 49.881454
49.882730 49.882291
49.883565 49.883126
49.884397 49.883957
49.885226 49.884786
49.886052 49.885612
49.886875 49.886435
49.887695 49.887255
49.888513 49.888072
49.889327 49.888886
49.890139 49.889698
49.890948 49.890506
49.891753 49.891312
49.892556 49.892114
49.893356 49.892914
49.894153 49.893711
49.894948 49.894505
49.895739 49.895296
49.896527 49.896084
49.897313 49.896869
49.898095 49.897651
49.898875 49.898431
49.899652 49.899207
49.900426 49.899981
49.901197 49.900752
49.901965 49.901519
49.902730 49.902284
49.903493 49.903047
49.904252 49.903806
49.905009 49.904562
49.905762 49.905316
49.906513 49.906066
49.907261 49.906814
49.908006 49.907559
49.908749 49.908301
49.909488 49.909040
49.910225 49.909776
49.910958 49.910510
49.911689 49.911241
49.912417 49.911968
49.913143 49.912693
49.913865 49.913416
49.914586 49.914136
49.915303 49.914853
49.916018 49.915568
49.916731 49.916280
49.917440 49.916990
49.918148 49.917697
49.918852 49.918402
49.919555 49.919104
49.920254 49.919803
49.920952 49.920501
49.921648 49.921196
49.922342 49.921890
49.923035 49.922583
49.923725 49.923273
49.924414 49.923962
49.925101 49.924648
49.925786 49.925333
49.926469 49.926016
49.927151 49.926698
49.927831 49.927377
49.928509 49.928055
49.929185 49.928731
49.929859 49.929405
49.930532 49.930077
49.931202 49.930748
49.931872 49.931417
49.932539 49.932084
49.933204 49.932750
49.933868 49.933413
49.934530 49.934075
49.935191 49.934735
49.935849 49.935394
49.936506 49.936051
49.937161 49.936706
49.937815 49.937359
49.938467 49.938011
49.939117 49.938661
49.939765 49.939309
49.940412 49.939956
49.941058 49.940601
49.941701 49.941245
49.942343 49.941886
49.942983 49.942527
49.943622 49.943165
49.944259 49.943802
49.944894 49.944437
49.945528 49.945071
49.946160 49.945703
49.946791 49.946334
49.947420 49.946962
49.948047 49.947590
49.948673 49.948215
49.949297 49.948840
49.949920 49.949462
49.950541 49.950083
49.951161 49.950703
49.951779 49.951321
49.952395 49.951937
49.953010 49.952552
49.953624 49.953165
49.954236 49.953777
49.954846 49.954388
49.955455 49.954996
49.956062 49.955604
49.956668 49.956210
49.957273 49.956814
49.957876 49.957417
49.958477 49.958018
49.959077 49.958618
49.959676 49.959217
49.960273 49.959814
49.960869 49.960409
49.961463 49.961004
49.962056 49.961597
49.962648 49.962188
49.963238 49.962779
49.963827 49.963368
49.964415 49.963955
49.965000 49.964541
49.965585 49.965125
49.966168 49.965708
49.966749 49.966289
49.967329 49.966869
49.967907 49.967447
49.968484 49.968024
49.969059 49.968599
49.969633 49.969173
49.970206 49.969746
49.970778 49.970317
49.971348 49.970888
49.971917 49.971457
49.972486 49.972025
49.973053 49.972592
49.973619 49.973158
49.974184 49.973723
49.974748 49.974287
49.975311 49.974850
49.975873 49.975412
49.976434 49.975973
49.976993 49.976533
49.977552 49.977091
49.978109 49.977648
49.978664 49.978203
49.979219 49.978758
49.979772 49.979311
49.980323 49.979862
49.980874 49.980413
49.981423 49.980962
49.981971 49.981510
49.982518 49.982057
49.983063 49.982603
49.983608 49.983147
49.984151 49.983690
49.984693 49.984232
49.985234 49.984773
49.985774 49.985313
49.986312 49.985852
49.986850 49.986390
49.987387 49.986927
49.987922 49.987462
49.988457 49.987997
49.988990 49.988531
49.989523 49.989063
49.990055 49.989595
49.990585 49.990126
49.991115 49.990656
49.991644 49.991185
49.992172 49.991713
49.992699 49.992240
49.993226 49.992767
49.993751 49.993292
49.994276 49.993817
49.994800 49.994341
49.995323 49.994864
49.995845 49.995387
49.996367 49.995908
49.996888 49.996429
49.997408 49.996950
49.997927 49.997469
49.998446 49.997988
49.998964 49.998506
49.999481 49.999024
49.999998 49.999540
50.000514 50.000056
50.001029 50.000572
50.001545 50.001087
50.002059 50.001602
50.002574 50.002116
50.003088 50.002631
50.003601 50.003144
50.004114 50.003657
50.004627 50.004170
50.005140 50.004683
50.005652 50.005195
50.006163 50.005707
50.006675 50.006219
50.007186 50.006730
50.007698 50.007242
50.008209 50.007753
50.008720 50.008264
50.009231 50.008775
50.009742 50.009286
50.010253 50.009797
50.010763 50.010308
50.011274 50.010819
50.011784 50.011329
50.012295 50.011840
50.012805 50.012350
50.013315 50.012860
50.013824 50.013370
50.014333 50.013879
50.014842 50.014388
50.015351 50.014896
50.015859 50.015405
50.016366 50.015912
50.016874 50.016420
50.017381 50.016928
50.017888 50.017435
50.018395 50.017942
50.018902 50.018449
50.019410 50.018956
50.019917 50.019464
50.020424 50.019971
50.020931 50.020478
50.021439 50.020986
50.021946 50.021493
50.022454 50.022001
50.022961 50.022509
50.023469 50.023017
50.023977 50.023525
50.024485 50.024033
50.024994 50.024542
50.025502 50.025051
50.026011 50.025559
50.026520 50.026069
50.027029 50.026578
50.027539 50.027088
50.028048 50.027597
50.028558 50.028108
50.029069 50.028618
50.029579 50.029129
50.030090 50.029640
50.030601 50.030151
50.031113 50.030663
50.031625 50.031175
50.032137 50.031687
50.032650 50.032200
50.033163 50.032713
50.033677 50.033227
50.034191 50.033741
50.034705 50.034256
50.035220 50.034771
50.035735 50.035286
50.036251 50.035802
50.036768 50.036319
50.037284 50.036836
50.037802 50.037353
50.038320 50.037871
50.038838 50.038390
50.039357 50.038909
50.039877 50.039429
50.040397 50.039950
50.040918 50.040471
50.041440 50.040992
50.041962 50.041515
50.042485 50.042037
50.043008 50.042561
50.043532 50.043085
50.044057 50.043610
50.044583 50.044136
50.045109 50.044663
50.045636 50.045190
50.046164 50.045718
50.046693 50.046247
50.047222 50.046776
50.047752 50.047307
50.048283 50.047838
50.048815 50.048370
50.049348 50.048903
50.049882 50.049436
50.050416 50.049971
50.050951 50.050506
50.051487 50.051043
50.052025 50.051580
50.052563 50.052118
50.053102 50.052657
50.053642 50.053198
50.054183 50.053739
50.054725 50.054281
50.055267 50.054824
50.055811 50.055368
50.056356 50.055913
50.056902 50.056459
50.057450 50.057007
50.057998 50.057555
50.058547 50.058104
50.059097 50.058655
50.059649 50.059206
50.060200 50.059758
50.060753 50.060311
50.061307 50.060865
50.061861 50.061420
50.062417 50.061975
50.062973 50.062531
50.063530 50.063089
50.064088 50.063647
50.064647 50.064206
50.065207 50.064766
50.065767 50.065327
50.066329 50.065888
50.066891 50.066451
50.067454 50.067014
50.068019 50.067579
50.068584 50.068144
50.069150 50.068710
50.069717 50.069277
50.070285 50.069845
50.070853 50.070414
50.071423 50.070984
50.071994 50.071555
50.072566 50.072127
50.073139 50.072700
50.073713 50.073274
50.074288 50.073850
50.074864 50.074426
50.075441 50.075003
50.076019 50.075581
50.076598 50.076161
50.077178 50.076741
50.077760 50.077323
50.078343 50.077906
50.078929 50.078492
50.079516 50.079079
50.080105 50.079669
50.080696 50.080260
50.081290 50.080854
50.081885 50.081449
50.082483 50.082047
50.083082 50.082647
50.083684 50.083248
50.084288 50.083852
50.084894 50.084458
50.085502 50.085067
50.086111 50.085677
50.086724 50.086289
50.087338 50.086903
50.087954 50.087520
50.088572 50.088138
50.089193 50.088759
50.089815 50.089382
50.090440 50.090007
50.091067 50.090634
50.091696 50.091263
50.092328 50.091895
50.092961 50.092529
50.093597 50.093165
50.094236 50.093803
50.094876 50.094444
50.095519 50.095087
50.096164 50.095732
50.096812 50.096380
50.097462 50.097030
50.098115 50.097683
50.098769 50.098338
50.099427 50.098996
50.100087 50.099656
50.100750 50.100319
50.101415 50.100984
50.102083 50.101653
50.102754 50.102324
50.103428 50.102998
50.104104 50.103674
50.104783 50.104353
50.105465 50.105036
50.106150 50.105721
50.106837 50.106408
50.107527 50.107098
50.108220 50.107791
50.108915 50.108487
50.109613 50.109185
50.110314 50.109886
50.111017 50.110589
50.111724 50.111296
50.112432 50.112005
50.113144 50.112717
50.113859 50.113431
50.114576 50.114149
50.115297 50.114870
50.116021 50.115594
50.116748 50.116321
50.117478 50.117051
50.118211 50.117784
50.118947 50.118521
50.119687 50.119261
50.120430 50.120004
50.121176 50.120751
50.121926 50.121501
50.122679 50.122254
50.123436 50.123011
50.124196 50.123771
50.124960 50.124535
50.125727 50.125302
50.126498 50.126074
50.127273 50.126848
50.128051 50.127627
50.128833 50.128409
50.129619 50.129195
50.130409 50.129985
50.131202 50.130779
50.132000 50.131577
50.132801 50.132378
50.133606 50.133184
50.134415 50.133993
50.135228 50.134806
50.136045 50.135623
50.136866 50.136444
50.137690 50.137269
50.138519 50.138098
50.139352 50.138931
50.140189 50.139768
50.141030 50.140609
50.141875 50.141454
50.142724 50.142304
50.143578 50.143157
50.144435 50.144015
50.145297 50.144877
50.146163 50.145743
50.147033 50.146614
50.147908 50.147488
50.148787 50.148367
50.149669 50.149251
50.150557 50.150138
50.151448 50.151030
50.152345 50.151927
50.153246 50.152828
50.154151 50.153734
50.155062 50.154644
50.155976 50.155559
50.156896 50.156478
50.157820 50.157402
50.158748 50.158331
50.159681 50.159264
50.160619 50.160202
50.161561 50.161144
50.162507 50.162091
50.163458 50.163042
50.164414 50.163998
50.165374 50.164959
50.166338 50.165923
50.167307 50.166892
50.168281 50.167866
50.169259 50.168844
50.170241 50.169826
50.171227 50.170813
50.172218 50.171804
50.173213 50.172800
50.174213 50.173799
50.175217 50.174803
50.176225 50.175812
50.177237 50.176824
50.178254 50.177841
50.179275 50.178862
50.180300 50.179887
50.181329 50.180917
50.182362 50.181951
50.183400 50.182988
50.184442 50.184030
50.185488 50.185077
50.186538 50.186127
50.187592 50.187182
50.188651 50.188240
50.189713 50.189303
50.190780 50.190370
50.191851 50.191441
50.192926 50.192517
50.194006 50.193597
50.195089 50.194681
50.196177 50.195769
50.197270 50.196862
50.198366 50.197959
50.199467 50.199060
50.200573 50.200166
50.201683 50.201276
50.202797 50.202391
50.203916 50.203510
50.205040 50.204634
50.206168 50.205762
50.207300 50.206895
50.208437 50.208032
50.209578 50.209173
50.210723 50.210319
50.211873 50.211469
50.213026 50.212623
50.214185 50.213781
50.215347 50.214944
50.216514 50.216112
50.217686 50.217284
50.218862 50.218460
50.220043 50.219641
50.221228 50.220827
50.222418 50.222016
50.223611 50.223210
50.224809 50.224409
50.226012 50.225611
50.227218 50.226818
50.228429 50.228030
50.229645 50.229245
50.230865 50.230466
50.232089 50.231690
50.233318 50.232920
50.234554 50.234155
50.235795 50.235397
50.237044 50.236646
50.238299 50.237902
50.239561 50.239164
50.240829 50.240432
50.242104 50.241707
50.243385 50.242989
50.244673 50.244277
50.245967 50.245571
50.247268 50.246872
50.248575 50.248180
50.249889 50.249493
50.251209 50.250814
50.252536 50.252141
50.253869 50.253474
50.255208 50.254814
50.256554 50.256160
50.257907 50.257513
50.259266 50.258872
50.260632 50.260238
50.262003 50.261610
50.263382 50.262989
50.264767 50.264374
50.266158 50.265765
50.267556 50.267163
50.268960 50.268568
50.270371 50.269979
50.271788 50.271396
50.273212 50.272820
50.274642 50.274250
50.276079 50.275687
50.277522 50.277130
50.278971 50.278579
50.280427 50.280035
50.281889 50.281498
50.283358 50.282967
50.284833 50.284442
50.286314 50.285923
50.287802 50.287411
50.289296 50.288906
50.290797 50.290406
50.292304 50.291913
50.293817 50.293426
50.295336 50.294945
50.296861 50.296471
50.298393 50.298002
50.299930 50.299540
50.301474 50.301084
50.303024 50.302634
50.304579 50.304189
50.306141 50.305751
50.307709 50.307319
50.309282 50.308893
50.310862 50.310472
50.312447 50.312058
50.314038 50.313649
50.315635 50.315246
50.317237 50.316848
50.318846 50.318457
50.320460 50.320071
50.322079 50.321690
50.323704 50.323316
50.325335 50.324946
50.326972 50.326583
50.328614 50.328225
50.330261 50.329872
50.331914 50.331525
50.333573 50.333184
50.335237 50.334848
50.336906 50.336517
50.338581 50.338192
50.340261 50.339872
50.341947 50.341558
50.343639 50.343249
50.345335 50.344946
50.347038 50.346648
50.348745 50.348356
50.350458 50.350069
50.352177 50.351787
50.353900 50.353510
50.355629 50.355239
50.357364 50.356974
50.359104 50.358713
50.360849 50.360458
50.362599 50.362208
50.364355 50.363964
50.366115 50.365724
50.367881 50.367490
50.369653 50.369261
50.371429 50.371037
50.373210 50.372818
50.374996 50.374604
50.376788 50.376395
50.378584 50.378191
50.380385 50.379991
50.382191 50.381797
50.384001 50.383607
50.385817 50.385422
50.387636 50.387241
50.389461 50.389065
50.391290 50.390894
50.393123 50.392727
50.394961 50.394564
50.396804 50.396406
50.398650 50.398252
50.400501 50.400103
50.402356 50.401957
50.404216 50.403816
50.406079 50.405679
50.407947 50.407546
50.409818 50.409417
50.411694 50.411292
50.413572 50.413169
50.415453 50.415050
50.417337 50.416933
50.419223 50.418818
50.421112 50.420706
50.423003 50.422597
50.424898 50.424491
50.426794 50.426387
50.428694 50.428285
50.430596 50.430186
50.432501 50.432090
50.434409 50.433997
50.436320 50.435908
50.438235 50.437822
50.440153 50.439740
50.442075 50.441660
50.444000 50.443585
50.445929 50.445512
50.447861 50.447443
50.449797 50.449378
50.451736 50.451316
50.453678 50.453257
50.455624 50.455202
50.457574 50.457151
50.459527 50.459103
50.461483 50.461058
50.463443 50.463017
50.465407 50.464979
50.467374 50.466945
50.469344 50.468914
50.471318 50.470887
50.473296 50.472863
50.475277 50.474843
50.477261 50.476826
50.479249 50.478812
50.481241 50.480802
50.483236 50.482796
50.485234 50.484792
50.487235 50.486793
50.489241 50.488796
50.491249 50.490803
50.493261 50.492813
50.495276 50.494827
50.497294 50.496843
50.499316 50.498863
50.501341 50.500887
50.503369 50.502913
50.505400 50.504943
50.507435 50.506975
50.509472 50.509011
50.511512 50.511050
50.513556 50.513091
50.515602 50.515136
50.517651 50.517183
50.519704 50.519233
50.521758 50.521286
50.523816 50.523342
50.525876 50.525400
50.527939 50.527460
50.530004 50.529523
50.532071 50.531589
50.534141 50.533656
50.536213 50.535726
50.538287 50.537798
50.540364 50.539873
50.542442 50.541949
50.544522 50.544027
50.546604 50.546107
50.548688 50.548189
50.550774 50.550272
50.552861 50.552357
50.554950 50.554443
50.557039 50.556531
50.559131 50.558620
50.561223 50.560711
50.563317 50.562802
50.565411 50.564894
50.567507 50.566988
50.569603 50.569082
50.571701 50.571177
50.573798 50.573272
50.575897 50.575369
50.577996 50.577465
50.580096 50.579563
50.582196 50.581661
50.584297 50.583759
50.586398 50.585858
50.588500 50.587957
50.590602 50.590056
50.592704 50.592156
50.594806 50.594256
50.596909 50.596357
50.599013 50.598457
50.601116 50.600558
50.603220 50.602660
50.605325 50.604762
50.607430 50.606864
50.609535 50.608967
50.611641 50.611070
50.613747 50.613174
50.615855 50.615279
50.617962 50.617384
50.620071 50.619490
50.622181 50.621597
50.624291 50.623705
50.626402 50.625814
50.626402 50.625808
50.626402 50.625803
50.626402 50.625798
50.626402 50.625793
50.626402 50.625789
50.626402 50.625784
50.626402 50.625779
50.626402 50.625775
50.626402 50.625770
50.626402 50.625766
50.626402 50.625761
50.626402 50.625757
50.626402 50.625752
50.626402 50.625748
50.626402 50.625743
50.626402 50.625739
50.626402 50.625734
50.626402 50.625730
50.626402 50.625725
50.626402 50.625721
50.626402 50.625716
50.626402 50.625712
50.626402 50.625707
50.626402 50.625703
50.626402 50.625699
50.626402 50.625694
50.626402 50.625690
50.626402 50.625685
50.626402 50.625681
50.626402 50.625677
50.626402 50.625673
50.626402 50.625668
50.626402 50.625664
50.626402 50.625660
50.626402 50.625656
50.626402 50.625652
50.626402 50.625648
50.626402 50.625644
50.626402 50.625639
50.626402 50.625635
50.626402 50.625632
50.626402 50.625628
50.626402 50.625624
50.626402 50.625620
50.626402 50.625616
50.626402 50.625612
50.626402 50.625608
50.626402 50.625605
50.626402 50.625601
50.626402 50.625597
50.626402 50.625594
50.626402 50.625590
50.626402 50.625587
50.626402 50.625583
50.626402 50.625580
50.626402 50.625576
50.626402 50.625573
50.626402 50.625570
50.626402 50.625566
50.626402 50.625563
50.626402 50.625560
50.626402 50.625557
50.626402 50.625554
50.626402 50.625550
50.626402 50.625547
50.626402 50.625544
50.626402 50.625541
50.626402 50.625539
50.626402 50.625536
50.626402 50.625533
50.626402 50.625530
50.626402 50.625527
50.626402 50.625524
50.626402 50.625522
50.626402 50.625519
50.626402 50.625516
50.626402 50.625514
50.626402 50.625511
50.626402 50.625509
50.626402 50.625506
50.626402 50.625504
50.626402 50.625501
50.626402 50.625499
50.626402 50.625497
50.626402 50.625494
50.626402 50.625492
50.626402 50.625490
50.626402 50.625488
50.626402 50.625486
50.626402 50.625483
50.626402 50.625481
50.626402 50.625479
50.626402 50.625477
50.626402 50.625475
50.626402 50.625473
50.626402 50.625471
50.626402 50.625469
50.626402 50.625468
50.626402 50.625466
50.626402 50.625464
50.626402 50.625462
50.626402 50.625460
50.626402 50.625459
50.626402 50.625457
50.626402 50.625455
50.626402 50.625454
50.626402 50.625452
50.626402 50.625450
50.626402 50.625449
50.626402 50.625447
50.626402 50.625446
50.626402 50.625444
50.626402 50.625443
50.626402 50.625441
50.626402 50.625440
50.626402 50.625438
50.626402 50.625437
50.626402 50.625436
50.626402 50.625434
50.626402 50.625433
50.626402 50.625432
50.626402 50.625430
50.626402 50.625429
50.626402 50.625428
50.626402 50.625427
50.626402 50.625426
50.626402 50.625424
50.626402 50.625423
50.626402 50.625422
50.626402 50.625421
50.626402 50.625420
50.626402 50.625419
50.626402 50.625418
50.626402 50.625417
50.626402 50.625416
50.626402 50.625415
50.626402 50.625414
50.626402 50.625413
50.626402 50.625412
50.626402 50.625411
50.626402 50.625410
50.626402 50.625409
50.626402 50.625408
50.626402 50.625407
50.626402 50.625406
50.626402 50.625406
50.626402 50.625405
50.626402 50.625404
50.626402 50.625403
50.626402 50.625402
50.626402 50.625401
50.626402 50.625401
50.626402 50.625400
50.626402 50.625399
50.626402 50.625399
50.626402 50.625398
50.626402 50.625397
50.626402 50.625396
50.626402 50.625396
50.626402 50.625395
50.626402 50.625394
50.626402 50.625394
50.626402 50.625393
50.626402 50.625393
50.626402 50.625392
50.626402 50.625391
50.626402 50.625391
50.626402 50.625390
50.626402 50.625390
50.626402 50.625389
50.626402 50.625388
50.626402 50.625388
50.626402 50.625387
50.626402 50.625387
50.626402 50.625386
50.626402 50.625386
50.626402 50.625385
50.626402 50.625385
50.626402 50.625384
50.626402 50.625384
50.626402 50.625383
50.626402 50.625383
50.626402 50.625383
50.626402 50.625382
50.626402 50.625382
50.626402 50.625381
50.626402 50.625381
50.626402 50.625380
50.626402 50.625380
50.626402 50.625380
50.626402 50.625379
50.626402 50.625379
50.626402 50.625379
50.626402 50.625378
50.626402 50.625378
50.626402 50.625377
50.626402 50.625377
50.626402 50.625377
50.626402 50.625376
50.626402 50.625376
50.626402 50.625376
50.626402 50.625375
50.626402 50.625375
50.626402 50.625375
50.626402 50.625375
50.626402 50.625374
50.626402 50.625374
50.626402 50.625374
50.626402 50.625373
50.626402 50.625373
50.626402 50.625373
50.626402 50.625373
50.626402 50.625372
50.626402 50.625372
50.626402 50.625372
50.626402 50.625372
50.626402 50.625371
50.626402 50.625371
50.626402 50.625371
50.626402 50.625371
50.626402 50.625370
50.626402 50.625370
50.626402 50.625370
50.626402 50.625370
50.626402 50.625370
50.626402 50.625369
50.626402 50.625369
50.626402 50.625369
50.626402 50.625369
50.626402 50.625369
50.626402 50.625368
50.626402 50.625368
50.626402 50.625368
50.626402 50.625368
50.626402 50.625368
50.626402 50.625367
50.626402 50.625367
50.626402 50.625367
50.626402 50.625367
50.626402 50.625367
50.626402 50.625367
50.626402 50.625366
50.626402 50.625366
50.626402 50.625366
50.626402 50.625366
50.626402 50.625366
50.626402 50.625366
50.626402 50.625366
50.626402 50.625365
50.626402 50.625365
50.626402 50.625365
50.626402 50.625365
50.626402 50.625365
50.626402 50.625365
50.626402 50.625365
50.626402 50.625365
50.626402 50.625364
50.626402 50.625364
50.626402 50.625364
50.626402 50.625364
50.626402 50.625364
50.626402 50.625364
50.626402 50.625364
50.626402 50.625364
50.626402 50.625364
50.626402 50.625363
50.626402 50.625363
50.626402 50.625363
50.626402 50.625363
50.626402 50.625363
50.626402 50.625363
50.626402 50.625363
50.626402 50.625363
50.626402 50.625363
50.626402 50.625363
50.626402 50.625363
50.626402 50.625362
50.626402 50.625362
50.626402 50.625362
50.626402 50.625362
50.626402 50.625362
50.626402 50.625362
50.626402 50.625362
50.626402 50.625362
50.626402 50.625362
50.626402 50.625362
50.626402 50.625362
50.626402 50.625362
50.626402 50.625362
50.626402 50.625361
50.626402 50.625361
50.626402 50.625361
50.626402 50.625361
50.626402 50.625361
50.626402 50.625361
50.626402 50.625361
50.626402 50.625361
50.626402 50.625361
50.626402 50.625361
50.626402 50.625361
50.626402 50.625361
50.626402 50.625361
50.626402 50.625361
50.626402 50.625361
50.626402 50.625361
50.626402 50.625361
50.626402 50.625360
50.626402 50.625360
50.626402 50.625360
50.626402 50.625360
50.626402 50.625360
50.626402 50.625360
50.626402 50.625360
50.626402 50.625360
50.626402 50.625360
50.626402 50.625360
50.626402 50.625360
50.626402 50.625360
50.626402 50.625360
50.626402 50.625360
50.626402 50.625360
50.626402 50.625360
50.626402 50.625360
50.626402 50.625360
50.626402 50.625360
50.626402 50.625360
50.626402 50.625360
50.626402 50.625360
50.626402 50.625360
50.626402 50.625360
50.626402 50.625360
50.626402 50.625360
50.626402 50.625359
50.626402 50.625359
50.626402 50.625359
50.626402 50.625359
50.626402 50.625359
50.626402 50.625359
50.626402 50.625359
50.626402 50.625359
50.626402 50.625359
50.626402 50.625359
50.626402 50.625359
50.626402 50.625359
50.626402 50.625359
50.626402 50.625359
50.626402 50.625359
50.626402 50.625359
50.626402 50.625359
50.626402 50.625359
50.626402 50.625359
50.626402 50.625359
50.626402 50.625359
50.626402 50.625359
50.626402 50.625359
50.626402 50.625359
50.626402 50.625359
50.626402 50.625359
50.626402 50.625359
50.626402 50.625359
50.626402 50.625359
50.626402 50.625359
50.626402 50.625359
50.626402 50.625359
50.626402 50.625359
50.626402 50.625359
50.626402 50.625359
50.626402 50.625359
50.626402 50.625359
50.626402 50.625359
50.626402 50.625359
50.626402 50.625359
50.626402 50.625359
50.626402 50.625359
50.626402 50.625359
50.626402 50.625359
50.626402 50.625359
50.626402 50.625359
50.626402 50.625358
50.626402 50.625358
50.626402 50.625358
50.626402 50.625358
50.626402 50.625358
50.626402 50.625358
50.626402 50.625358
50.626402 50.625358
50.626402 50.625358
50.626402 50.625358
50.626402 50.625358
50.626402 50.625358
50.626402 50.625358
50.626402 50.625358
50.626402 50.625358
50.626402 50.625358
50.626402 50.625358
50.626402 50.625358
50.626402 50.625358
50.626402 50.625358
50.626402 50.625358
50.626402 50.625358
50.626402 50.625358
50.626402 50.625358
50.626402 50.625358
50.626402 50.625358
50.626402 50.625358
50.626402 50.625358
50.626402 50.625358
50.626402 50.625358
50.626402 50.625358
50.626402 50.625358
50.626402 50.625358
50.626402 50.625358
50.626402 50.625358
50.626402 50.625358
50.626402 50.625358
50.626402 50.625358
50.626402 50.625358
50.626402 50.625358
50.626402 50.625358
50.626402 50.625358
50.626402 50.625358
50.626402 50.625358
50.626402 50.625358
50.626402 50.625358
50.626402 50.625358
50.626402 50.625358
50.626402 50.625358
50.626402 50.625358
50.626402 50.625358
50.626402 50.625358
50.626402 50.625358
50.626402 50.625358
50.626402 50.625358
50.626402 50.625358
50.626402 50.625358
50.626402 50.625358
50.626402 50.625358
50.626402 50.625358
50.626402 50.625358
50.626402 50.625358
50.626402 50.625358
50.626402 50.625358
50.626402 50.625358
50.626402 50.625358
50.626402 50.625358
50.626402 50.625358
50.626402 50.625358
50.626402 50.625358
50.626402 50.625358
50.626402 50.625358
50.626402 50.625358
50.626402 50.625358
50.626402 50.625358
50.626402 50.625358
50.626402 50.625358
50.626402 50.625358
50.626402 50.625358
50.626402 50.625358
50.626402 50.625358
50.626402 50.625358
50.626402 50.625358
50.626402 50.625358
50.626402 50.625358
50.626402 50.625358
50.626402 50.625358
50.626402 50.625358
50.626402 50.625358
50.626402 50.625358
50.626402 50.625358
50.626402 50.625358
50.626402 50.625358
50.626402 50.625358
50.626402 50.625358
50.626402 50.625358
50.626402 50.625358
50.626402 50.625358
50.626402 50.625358
50.626402 50.625358
50.626402 50.625358
50.626402 50.625358
50.626402 50.625358
50.626402 50.625358
50.626402 50.625358
50.626402 50.625358
50.626402 50.625358
50.626402 50.625358
50.626402 50.625358
50.626402 50.625358
50.626402 50.625358
50.626402 50.625358
50.626402 50.625358
50.626402 50.625358
50.626402 50.625358
50.626402 50.625358
50.626402 50.625358
50.626402 50.625358
50.626402 50.625358
50.626402 50.625358
50.626402 50.625358
50.626402 50.625358
50.626402 50.625358
50.626402 50.625358
50.626402 50.625358
50.626402 50.625358
50.626402 50.625358
50.626402 50.625358
50.626402 50.625358
50.626402 50.625358
50.626402 50.625358
50.626402 50.625358
50.626402 50.625358
50.626402 50.625358
50.626402 50.625358
50.626402 50.625358
50.626402 50.625358
50.626402 50.625358
50.626402 50.625358
50.626402 50.625358
50.626402 50.625358
50.626402 50.625358
50.626402 50.625358
50.626402 50.625358
50.626402 50.625358
50.626402 50.625358
50.626402 50.625358
50.626402 50.625358
50.626402 50.625358
50.626402 50.625358
50.626402 50.625358
50.626402 50.625358
50.626402 50.625358
50.626402 50.625358
50.626402 50.625358
50.626402 50.625358
50.626402 50.625358
50.626402 50.625358
50.626402 50.625358
50.626402 50.625358
50.626402 50.625358
50.626402 50.625358
50.626402 50.625358
50.626402 50.625358
50.626402 50.625358
50.626402 50.625358
50.626402 50.625358
50.626402 50.625358
50.626402 50.625358
50.626402 50.625358
50.626402 50.625358
50.626402 50.625358
50.626402 50.625358
50.626402 50.625358
50.626402 50.625358
50.626402 50.625358
50.626402 50.625358
50.626402 50.625358
50.626402 50.625358
50.626402 50.625358
50.626402 50.625358
50.626402 50.625358
50.626402 50.625358
50.626402 50.625358
50.626402 50.625358
50.626402 50.625358
50.626402 50.625358
50.626402 50.625358
50.626402 50.625358
50.626402 50.625358
50.626402 50.625358
50.626402 50.625358
50.626402 50.625358
50.626402 50.625358
50.626402 50.625358
50.626402 50.625358
50.626402 50.625358
50.626402 50.625358
50.626402 50.625358
50.626402 50.625358
50.626402 50.625358
50.626402 50.625358
50.626402 50.625358
50.626402 50.625358
50.626402 50.625358
50.626402 50.625358
50.626402 50.625358
50.626402 50.625358
50.626402 50.625358
50.626402 50.625358
50.626402 50.625358
50.626402 50.625358
50.626402 50.625358
50.626402 50.625358
50.626402 50.625358
50.626402 50.625358
50.626402 50.625358
50.626402 50.625358
50.626402 50.625358
50.626402 50.625358
50.626402 50.625358
50.626402 50.625358
50.626402 50.625358
50.626402 50.625358
50.626402 50.625358
50.626402 50.625358
50.626402 50.625358
50.626402 50.625358
50.626402 50.625358
50.626402 50.625358
50.626402 50.625358
50.626402 50.625358
50.626402 50.625358
50.626402 50.625358
50.626402 50.625358
50.626402 50.625358
50.626402 50.625358
50.626402 50.625358
50.626402 50.625358
50.626402 50.625358
50.626402 50.625358
50.626402 50.625358
50.626402 50.625358
50.626402 50.625358
50.626402 50.625358
50.626402 50.625358
50.626402 50.625358
50.626402 50.625358
50.626402 50.625358
50.626402 50.625358
50.626402 50.625358
50.626402 50.625358
50.626402 50.625358
50.626402 50.625358
50.626402 50.625358
50.626402 50.625358
50.626402 50.625358
50.626402 50.625358
50.626402 50.625358
50.626402 50.625358
50.626402 50.625358
50.626402 50.625358
50.626402 50.625358
50.626402 50.625358
50.626402 50.625358
50.626402 50.625358
50.626402 50.625358
50.626402 50.625358
50.626402 50.625358
50.626402 50.625358
50.626402 50.625358
50.626402 50.625358
50.626402 50.625358
50.626402 50.625358
50.626402 50.625358
50.626402 50.625358
50.626402 50.625358
50.626402 50.625358
