46.324416 46.324416
46.627754 46.627755
46.806161 46.806164
46.933424 46.933427
47.032666 47.032670
47.114187 47.114191
47.183461 47.183465
47.243775 47.243779
47.297249 47.297252
47.345329 47.345331
47.389046 47.389048
47.429164 47.429164
47.466259 47.466259
47.500782 47.500782
47.533090 47.533088
47.563468 47.563466
47.592153 47.592150
47.619339 47.619335
47.645189 47.645183
47.669841 47.669834
47.693413 47.693405
47.716006 47.715996
47.737708 47.737697
47.758595 47.758583
47.778736 47.778721
47.798188 47.798172
47.817006 47.816988
47.835235 47.835215
47.852918 47.852897
47.870096 47.870074
47.886804 47.886780
47.903071 47.903045
47.918927 47.918899
47.934396 47.934366
47.949501 47.949470
47.964264 47.964231
47.978704 47.978670
47.992840 47.992804
48.006688 48.006650
48.020264 48.020224
48.033579 48.033536
48.046645 48.046601
48.059476 48.059430
48.072085 48.072036
48.084482 48.084431
48.096679 48.096625
48.108685 48.108629
48.120510 48.120452
48.132163 48.132103
48.143653 48.143591
48.154988 48.154922
48.166172 48.166105
48.177215 48.177144
48.188120 48.188047
48.198895 48.198819
48.209544 48.209465
48.220072 48.219991
48.230483 48.230400
48.240783 48.240698
48.250974 48.250887
48.261061 48.260973
48.271047 48.270957
48.280935 48.280844
48.290732 48.290641
48.300442 48.300350
48.310067 48.309973
48.319608 48.319514
48.329068 48.328975
48.338449 48.338355
48.347753 48.347659
48.356980 48.356886
48.366133 48.366039
48.375212 48.375118
48.384218 48.384124
48.393143 48.393050
48.401989 48.401895
48.410755 48.410662
48.419443 48.419350
48.428053 48.427961
48.436588 48.436496
48.445046 48.444955
48.453430 48.453339
48.461741 48.461650
48.469978 48.469888
48.478143 48.478053
48.486237 48.486148
48.494261 48.494172
48.502217 48.502128
48.510104 48.510015
48.517925 48.517836
48.525680 48.525592
48.533371 48.533283
48.541000 48.540912
48.548567 48.548479
48.556074 48.555986
48.563522 48.563434
48.570913 48.570826
48.578249 48.578162
48.585531 48.585444
48.592761 48.592673
48.599939 48.599852
48.607068 48.606981
48.614148 48.614062
48.621182 48.621096
48.628171 48.628084
48.635115 48.635029
48.642017 48.641931
48.648878 48.648791
48.655698 48.655612
48.662480 48.662394
48.669224 48.669138
48.675932 48.675846
48.682606 48.682520
48.689246 48.689160
48.695854 48.695768
48.702431 48.702345
48.708978 48.708893
48.715496 48.715411
48.721986 48.721901
48.728449 48.728364
48.734885 48.734800
48.741295 48.741210
48.747679 48.747595
48.754039 48.753955
48.760373 48.760289
48.766683 48.766600
48.772969 48.772886
48.779231 48.779149
48.785470 48.785388
48.791686 48.791604
48.797880 48.797797
48.804050 48.803968
48.810199 48.810117
48.816326 48.816244
48.822432 48.822350
48.828517 48.828435
48.834580 48.834498
48.840623 48.840541
48.846646 48.846564
48.852649 48.852567
48.858632 48.858550
48.864596 48.864513
48.870540 48.870458
48.876466 48.876383
48.882372 48.882290
48.888261 48.888178
48.894132 48.894049
48.899985 48.899902
48.905820 48.905737
48.911638 48.911555
48.917439 48.917356
48.923224 48.923140
48.928992 48.928908
48.934747 48.934663
48.940490 48.940406
48.946220 48.946135
48.951937 48.951853
48.957643 48.957558
48.963336 48.963251
48.969017 48.968932
48.974686 48.974601
48.980343 48.980258
48.985988 48.985903
48.991622 48.991536
48.997247 48.997162
49.002866 49.002780
49.008477 49.008391
49.014081 49.013994
49.019677 49.019590
49.025266 49.025179
49.030848 49.030761
49.036422 49.036334
49.041988 49.041901
49.047547 49.047459
49.053098 49.053010
49.058635 49.058547
49.064159 49.064071
49.069670 49.069582
49.075166 49.075078
49.080649 49.080560
49.086117 49.086029
49.091571 49.091483
49.097011 49.096923
49.102436 49.102348
49.107847 49.107758
49.113243 49.113154
49.118623 49.118535
49.123989 49.123900
49.129340 49.129251
49.134676 49.134586
49.139996 49.139907
49.145301 49.145212
49.150591 49.150501
49.155866 49.155776
49.161125 49.161035
49.166370 49.166280
49.171599 49.171509
49.176813 49.176723
49.182012 49.181922
49.187196 49.187106
49.192366 49.192275
49.197521 49.197430
49.202661 49.202570
49.207787 49.207696
49.212899 49.212807
49.217996 49.217905
49.223080 49.222988
49.228150 49.228057
49.233205 49.233113
49.238248 49.238155
49.243276 49.243184
49.248292 49.248199
49.253294 49.253201
49.258284 49.258191
49.263260 49.263167
49.268225 49.268131
49.273176 49.273082
49.278115 49.278021
49.283043 49.282948
49.287958 49.287863
49.292863 49.292768
49.297758 49.297664
49.302644 49.302549
49.307520 49.307426
49.312387 49.312292
49.317244 49.317149
49.322091 49.321997
49.326929 49.326835
49.331758 49.331663
49.336577 49.336483
49.341387 49.341293
49.346188 49.346093
49.350978 49.350884
49.355759 49.355665
49.360531 49.360436
49.365292 49.365198
49.370044 49.369950
49.374787 49.374692
49.379519 49.379425
49.384243 49.384148
49.388956 49.388862
49.393660 49.393566
49.398354 49.398260
49.403039 49.402945
49.407713 49.407620
49.412379 49.412285
49.417034 49.416941
49.421680 49.421587
49.426316 49.426223
49.430943 49.430850
49.435560 49.435467
49.440167 49.440075
49.444765 49.444672
49.449353 49.449261
49.453931 49.453839
49.458499 49.458406
49.463056 49.462964
49.467604 49.467511
49.472141 49.472048
49.476668 49.476575
49.481184 49.481092
49.485691 49.485598
49.490187 49.490095
49.494673 49.494581
49.499149 49.499056
49.503615 49.503522
49.508070 49.507978
49.512515 49.512423
49.516950 49.516858
49.521375 49.521282
49.525790 49.525697
49.530194 49.530101
49.534588 49.534495
49.538972 49.538879
49.543346 49.543252
49.547709 49.547616
49.552062 49.551969
49.556405 49.556312
49.560738 49.560644
49.565060 49.564966
49.569372 49.569278
49.573673 49.573580
49.577965 49.577871
49.582246 49.582152
49.586517 49.586422
49.590777 49.590683
49.595027 49.594933
49.599267 49.599173
49.603497 49.603402
49.607716 49.607621
49.611925 49.611830
49.616123 49.616028
49.620311 49.620216
49.624489 49.624393
49.628657 49.628561
49.632814 49.632718
49.636960 49.636864
49.641097 49.641000
49.645223 49.645126
49.649340 49.649243
49.653449 49.653352
49.657550 49.657452
49.661641 49.661544
49.665725 49.665627
49.669800 49.669702
49.673866 49.673768
49.677924 49.677826
49.681974 49.681875
49.686015 49.685916
49.690048 49.689949
49.694069 49.693970
49.698078 49.697978
49.702075 49.701975
49.706059 49.705959
49.710032 49.709931
49.713992 49.713892
49.717941 49.717840
49.721878 49.721777
49.725803 49.725701
49.729716 49.729614
49.733617 49.733514
49.737506 49.737403
49.741383 49.741280
49.745249 49.745145
49.749102 49.748999
49.752944 49.752841
49.756775 49.756671
49.760593 49.760489
49.764400 49.764295
49.768195 49.768090
49.771979 49.771873
49.775751 49.775645
49.779511 49.779405
49.783260 49.783154
49.786997 49.786891
49.790723 49.790616
49.794437 49.794330
49.798140 49.798033
49.801831 49.801724
49.805511 49.805403
49.809179 49.809072
49.812836 49.812729
49.816482 49.816374
49.820117 49.820008
49.823740 49.823631
49.827352 49.827243
49.830953 49.830844
49.834542 49.834433
49.838120 49.838011
49.841688 49.841578
49.845244 49.845134
49.848789 49.848679
49.852323 49.852213
49.855846 49.855736
49.859358 49.859248
49.862859 49.862748
49.866349 49.866238
49.869827 49.869717
49.873295 49.873184
49.876751 49.876640
49.880196 49.880085
49.883629 49.883518
49.887051 49.886940
49.890461 49.890350
49.893860 49.893749
49.897247 49.897135
49.900624 49.900512
49.903991 49.903879
49.907348 49.907236
49.910695 49.910583
49.914033 49.913920
49.917360 49.917248
49.920678 49.920566
49.923986 49.923873
49.927284 49.927171
49.930572 49.930459
49.933850 49.933737
49.937118 49.937005
49.940377 49.940264
49.943628 49.943514
49.946870 49.946756
49.950103 49.949989
49.953328 49.953213
49.956544 49.956429
49.959751 49.959636
49.962949 49.962834
49.966139 49.966024
49.969320 49.969205
49.972493 49.972378
49.975657 49.975541
49.978812 49.978696
49.981958 49.981842
49.985095 49.984979
49.988224 49.988108
49.991344 49.991228
49.994456 49.994339
49.997558 49.997442
50.000652 50.000535
50.003738 50.003621
50.006814 50.006697
50.009883 50.009765
50.012942 50.012825
50.015994 50.015876
50.019036 50.018919
50.022071 50.021953
50.025097 50.024978
50.028114 50.027996
50.031123 50.031005
50.034124 50.034005
50.037116 50.036997
50.040100 50.039981
50.043076 50.042957
50.046042 50.045922
50.048997 50.048877
50.051942 50.051821
50.054876 50.054756
50.057800 50.057680
50.060714 50.060593
50.063618 50.063496
50.066511 50.066389
50.069393 50.069272
50.072266 50.072144
50.075128 50.075006
50.077980 50.077858
50.080822 50.080700
50.083654 50.083531
50.086476 50.086353
50.089288 50.089165
50.092090 50.091967
50.094882 50.094759
50.097665 50.097541
50.100437 50.100314
50.103200 50.103076
50.105953 50.105829
50.108698 50.108573
50.111434 50.111310
50.114163 50.114038
50.116883 50.116758
50.119595 50.119470
50.122300 50.122174
50.124996 50.124871
50.127685 50.127559
50.130366 50.130240
50.133039 50.132913
50.135704 50.135578
50.138362 50.138235
50.141012 50.140885
50.143654 50.143527
50.146289 50.146162
50.148917 50.148789
50.151537 50.151409
50.154150 50.154022
50.156756 50.156627
50.159354 50.159225
50.161945 50.161816
50.164529 50.164399
50.167106 50.166976
50.169675 50.169545
50.172238 50.172108
50.174794 50.174663
50.177343 50.177212
50.179885 50.179754
50.182420 50.182288
50.184949 50.184817
50.187470 50.187338
50.189985 50.189853
50.192494 50.192361
50.194996 50.194862
50.197492 50.197358
50.199982 50.199848
50.202466 50.202331
50.204944 50.204809
50.207416 50.207281
50.209883 50.209747
50.212344 50.212208
50.214799 50.214663
50.217249 50.217113
50.219693 50.219557
50.222132 50.221995
50.224565 50.224427
50.226992 50.226854
50.229413 50.229275
50.231828 50.231689
50.234238 50.234098
50.236641 50.236501
50.239039 50.238899
50.241431 50.241290
50.243817 50.243676
50.246197 50.246056
50.248572 50.248431
50.250941 50.250799
50.253305 50.253162
50.255663 50.255520
50.258015 50.257872
50.260361 50.260218
50.262702 50.262558
50.265038 50.264893
50.267368 50.267223
50.269692 50.269546
50.272010 50.271864
50.274323 50.274177
50.276630 50.276484
50.278931 50.278784
50.281226 50.281078
50.283514 50.283366
50.285796 50.285647
50.288071 50.287923
50.290341 50.290191
50.292603 50.292454
50.294860 50.294710
50.297110 50.296959
50.299354 50.299203
50.301592 50.301440
50.303823 50.303671
50.306048 50.305896
50.308267 50.308114
50.310480 50.310327
50.312686 50.312533
50.314887 50.314733
50.317081 50.316927
50.319269 50.319114
50.321451 50.321296
50.323627 50.323472
50.325797 50.325641
50.327960 50.327805
50.330117 50.329962
50.332268 50.332112
50.334412 50.334256
50.336550 50.336394
50.338682 50.338526
50.340807 50.340651
50.342926 50.342770
50.345039 50.344883
50.347146 50.346989
50.349247 50.349090
50.351342 50.351185
50.353432 50.353275
50.355516 50.355360
50.357596 50.357439
50.359670 50.359513
50.361739 50.361582
50.363803 50.363646
50.365862 50.365704
50.367915 50.367758
50.369964 50.369806
50.372007 50.371850
50.374046 50.373888
50.376079 50.375921
50.378108 50.377950
50.380131 50.379973
50.382150 50.381991
50.384163 50.384005
50.386172 50.386014
50.388176 50.388017
50.390175 50.390016
50.392169 50.392010
50.394158 50.393999
50.396143 50.395984
50.398124 50.397965
50.400102 50.399942
50.402076 50.401916
50.404046 50.403887
50.406013 50.405854
50.407977 50.407817
50.409937 50.409777
50.411894 50.411734
50.413848 50.413687
50.415798 50.415637
50.417745 50.417584
50.419688 50.419527
50.421628 50.421467
50.423563 50.423402
50.425496 50.425334
50.427424 50.427263
50.429350 50.429188
50.431271 50.431109
50.433189 50.433027
50.435104 50.434942
50.437015 50.436853
50.438923 50.438760
50.440827 50.440665
50.442728 50.442565
50.444626 50.444463
50.446520 50.446357
50.448412 50.448248
50.450300 50.450136
50.452184 50.452021
50.454066 50.453902
50.455944 50.455781
50.457819 50.457656
50.459692 50.459528
50.461559 50.461395
50.463423 50.463258
50.465282 50.465117
50.467136 50.466972
50.468986 50.468822
50.470832 50.470668
50.472674 50.472509
50.474511 50.474346
50.476344 50.476179
50.478172 50.478007
50.479997 50.479831
50.481817 50.481651
50.483633 50.483468
50.485447 50.485281
50.487257 50.487091
50.489064 50.488898
50.490867 50.490701
50.492668 50.492501
50.494465 50.494298
50.496258 50.496092
50.498049 50.497882
50.499836 50.499670
50.501620 50.501454
50.503401 50.503235
50.505179 50.505012
50.506954 50.506787
50.508725 50.508558
50.510493 50.510326
50.512258 50.512091
50.514020 50.513853
50.515779 50.515611
50.517535 50.517367
50.519287 50.519119
50.521037 50.520868
50.522783 50.522615
50.524526 50.524357
50.526265 50.526096
50.528001 50.527832
50.529733 50.529565
50.531463 50.531294
50.533188 50.533019
50.534910 50.534741
50.536629 50.536460
50.538345 50.538175
50.540057 50.539887
50.541767 50.541597
50.543474 50.543304
50.545179 50.545009
50.546882 50.546712
50.548583 50.548413
50.550282 50.550111
50.551978 50.551808
50.553673 50.553502
50.555365 50.555194
50.557055 50.556884
50.558743 50.558572
50.560429 50.560258
50.562112 50.561941
50.563793 50.563622
50.565472 50.565300
50.567148 50.566976
50.568821 50.568650
50.570493 50.570321
50.572161 50.571989
50.573827 50.573655
50.575491 50.575319
50.577153 50.576980
50.578811 50.578639
50.580468 50.580295
50.582122 50.581949
50.583773 50.583601
50.585422 50.585250
50.587069 50.586896
50.588713 50.588541
50.590355 50.590182
50.591995 50.591822
50.593632 50.593458
50.595266 50.595093
50.596898 50.596725
50.598528 50.598355
50.600156 50.599983
50.601782 50.601609
50.603406 50.603233
50.605028 50.604854
50.606648 50.606474
50.608265 50.608092
50.609881 50.609707
50.611495 50.611321
50.613107 50.612933
50.614716 50.614542
50.616324 50.616150
50.617929 50.617755
50.619531 50.619357
50.621131 50.620957
50.622728 50.622553
50.624323 50.624148
50.625914 50.625740
50.627504 50.627329
50.629090 50.628915
50.630674 50.630499
50.632256 50.632081
50.633835 50.633660
50.635411 50.635236
50.636984 50.636809
50.638555 50.638379
50.640122 50.639946
50.641686 50.641511
50.643248 50.643072
50.644807 50.644631
50.646363 50.646187
50.647916 50.647740
50.649466 50.649290
50.651014 50.650837
50.652558 50.652382
50.654100 50.653923
50.655639 50.655462
50.657175 50.656998
50.658708 50.658531
50.660238 50.660061
50.661765 50.661588
50.663290 50.663112
50.664812 50.664634
50.666331 50.666153
50.667847 50.667669
50.669361 50.669182
50.670872 50.670694
50.672381 50.672203
50.673888 50.673709
50.675393 50.675214
50.676895 50.676716
50.678395 50.678216
50.679893 50.679713
50.681388 50.681208
50.682881 50.682701
50.684372 50.684192
50.685860 50.685680
50.687347 50.687166
50.688831 50.688650
50.690312 50.690132
50.691792 50.691611
50.693269 50.693088
50.694744 50.694563
50.696216 50.696035
50.697686 50.697505
50.699154 50.698973
50.700620 50.700439
50.702084 50.701902
50.703544 50.703363
50.705003 50.704821
50.706458 50.706276
50.707912 50.707729
50.709362 50.709180
50.710810 50.710628
50.712256 50.712073
50.713699 50.713516
50.715139 50.714956
50.716577 50.716394
50.718013 50.717829
50.719447 50.719264
50.720880 50.720696
50.722311 50.722128
50.723742 50.723558
50.725171 50.724987
50.726599 50.726415
50.728026 50.727842
50.729452 50.729268
50.730876 50.730692
50.732300 50.732115
50.733722 50.733537
50.735143 50.734959
50.736564 50.736380
50.737985 50.737800
50.739405 50.739220
50.740824 50.740639
50.742243 50.742058
50.743661 50.743476
50.745079 50.744894
50.746497 50.746311
50.747914 50.747728
50.749331 50.749145
50.750745 50.750558
50.752155 50.751969
50.753562 50.753376
50.754966 50.754779
50.756367 50.756180
50.757764 50.757577
50.759158 50.758970
50.760548 50.760360
50.761935 50.761747
50.763319 50.763131
50.764699 50.764511
50.766076 50.765888
50.767452 50.767263
50.768825 50.768636
50.770197 50.770008
50.771566 50.771377
50.772934 50.772745
50.774300 50.774110
50.775664 50.775474
50.777025 50.776835
50.778385 50.778195
50.779743 50.779553
50.781099 50.780909
50.782453 50.782262
50.783805 50.783614
50.785155 50.784964
50.786503 50.786311
50.787849 50.787657
50.789192 50.789000
50.790534 50.790341
50.791873 50.791680
50.793210 50.793017
50.794545 50.794352
50.795878 50.795685
50.797209 50.797015
50.798537 50.798343
50.799864 50.799669
50.801188 50.800993
50.802509 50.802314
50.803829 50.803634
50.805146 50.804950
50.806460 50.806265
50.807773 50.807577
50.809083 50.808887
50.810390 50.810194
50.811696 50.811499
50.812998 50.812801
50.814299 50.814101
50.815597 50.815399
50.816892 50.816694
50.818185 50.817986
50.819475 50.819276
50.820763 50.820564
50.822048 50.821849
50.823331 50.823131
50.824611 50.824411
50.825888 50.825688
50.827163 50.826962
50.828435 50.828234
50.829705 50.829503
50.830972 50.830770
50.832236 50.832033
50.833497 50.833294
50.834756 50.834553
50.836012 50.835808
50.837265 50.837061
50.838516 50.838311
50.839764 50.839559
50.841008 50.840803
50.842251 50.842045
50.843490 50.843284
50.844727 50.844520
50.845961 50.845754
50.847192 50.846984
50.848420 50.848212
50.849645 50.849437
50.850868 50.850659
50.852087 50.851878
50.853304 50.853095
50.854518 50.854308
50.855730 50.855519
50.856938 50.856727
50.858143 50.857932
50.859346 50.859134
50.860546 50.860333
50.861743 50.861529
50.862937 50.862723
50.864128 50.863913
50.865316 50.865101
50.866502 50.866286
50.867685 50.867468
50.868864 50.868646
50.870039 50.869821
50.871211 50.870992
50.872379 50.872160
50.873544 50.873324
50.874705 50.874484
50.875862 50.875641
50.877016 50.876794
50.878167 50.877944
50.879314 50.879090
50.880457 50.880233
50.881596 50.881371
50.882731 50.882505
50.883861 50.883634
50.884987 50.884759
50.886108 50.885879
50.887225 50.886996
50.888338 50.888107
50.889446 50.889214
50.890550 50.890317
50.891649 50.891416
50.892744 50.892510
50.893837 50.893602
50.894927 50.894691
50.896015 50.895777
50.897100 50.896862
50.898182 50.897943
50.899263 50.899022
50.900340 50.900099
50.901416 50.901173
50.902488 50.902245
50.903559 50.903314
50.904626 50.904380
50.905691 50.905444
50.906753 50.906504
50.907812 50.907562
50.908868 50.908617
50.909921 50.909669
50.910972 50.910718
50.912019 50.911764
50.913063 50.912807
50.914105 50.913847
50.915143 50.914884
50.916179 50.915918
50.917211 50.916949
50.918241 50.917977
50.919267 50.919002
50.920291 50.920024
50.921312 50.921043
50.922330 50.922060
50.923344 50.923073
50.924356 50.924083
50.925365 50.925090
50.926371 50.926094
50.927374 50.927095
50.928374 50.928094
50.929371 50.929089
50.930365 50.930081
50.931356 50.931070
50.932343 50.932056
50.933328 50.933039
50.934310 50.934019
50.935289 50.934996
50.936265 50.935970
50.937238 50.936941
50.938208 50.937909
50.939175 50.938874
50.940139 50.939835
50.941099 50.940793
50.942056 50.941748
50.943009 50.942699
50.943959 50.943647
50.944905 50.944591
50.945849 50.945532
50.946789 50.946470
50.947725 50.947404
50.948658 50.948335
50.949588 50.949263
50.950515 50.950187
50.951438 50.951108
50.952358 50.952025
50.953275 50.952940
50.954189 50.953851
50.955100 50.954759
50.956007 50.955664
50.956912 50.956566
50.957813 50.957464
50.958711 50.958359
50.959606 50.959252
50.960498 50.960140
50.961386 50.961026
50.962272 50.961909
50.963154 50.962788
50.964034 50.963665
50.964910 50.964538
50.965784 50.965408
50.966654 50.966275
50.967521 50.967139
50.968385 50.968000
50.969246 50.968858
50.970105 50.969713
50.970960 50.970565
50.971812 50.971413
50.972661 50.972259
50.973508 50.973102
50.974351 50.973942
50.975192 50.974779
50.976030 50.975613
50.976865 50.976444
50.977697 50.977272
50.978526 50.978097
50.979352 50.978919
50.980175 50.979738
50.980995 50.980554
50.981813 50.981367
50.982627 50.982177
50.983439 50.982985
50.984248 50.983789
50.985053 50.984590
50.985856 50.985388
50.986656 50.986184
50.987453 50.986976
50.988248 50.987765
50.989039 50.988552
50.989827 50.989335
50.990613 50.990116
50.991395 50.990893
50.992175 50.991668
50.992952 50.992439
50.993726 50.993208
50.994497 50.993974
50.995265 50.994736
50.996030 50.995496
50.996793 50.996253
50.997552 50.997007
50.998309 50.997757
50.999062 50.998505
50.999813 50.999250
51.000561 50.999992
51.001306 51.000731
51.002049 51.001467
51.002788 51.002201
51.003525 51.002931
51.004258 51.003658
51.004989 51.004383
51.005717 51.005104
51.006443 51.005823
51.007165 51.006539
51.007886 51.007252
51.008603 51.007963
51.009318 51.008671
51.010031 51.009376
51.010740 51.010079
51.011448 51.010779
51.012152 51.011476
51.012855 51.012171
51.013554 51.012863
51.014252 51.013553
51.014948 51.014241
51.015642 51.014928
51.016335 51.015612
51.017025 51.016295
51.017714 51.016975
51.018401 51.017654
51.019086 51.018331
51.019769 51.019005
51.020451 51.019678
51.021131 51.020350
51.021809 51.021019
51.022485 51.021686
51.023159 51.022351
51.023832 51.023015
51.024503 51.023677
51.025172 51.024336
51.025839 51.024994
51.026504 51.025650
51.027168 51.026304
51.027830 51.026957
51.028491 51.027607
51.029149 51.028256
51.029806 51.028903
51.030461 51.029548
51.031115 51.030191
51.031767 51.030832
51.032417 51.031472
51.033066 51.032110
51.033712 51.032745
51.034358 51.033380
51.035001 51.034012
51.035643 51.034643
51.036283 51.035271
51.036922 51.035898
51.037559 51.036524
51.038194 51.037147
51.038828 51.037769
51.039460 51.038389
51.040091 51.039007
51.040720 51.039624
51.041347 51.040238
51.041973 51.040851
51.042597 51.041463
51.043220 51.042072
51.043841 51.042680
51.044461 51.043286
51.045079 51.043890
51.045695 51.044493
51.046310 51.045094
51.046924 51.045693
51.047536 51.046291
51.048146 51.046887
51.048755 51.047481
51.049362 51.048074
51.049968 51.048664
51.050573 51.049254
51.051176 51.049841
51.051777 51.050427
51.052377 51.051011
51.052976 51.051594
51.053573 51.052175
51.054169 51.052754
51.054763 51.053332
51.055356 51.053909
51.055948 51.054483
51.056538 51.055057
51.057127 51.055628
51.057715 51.056198
51.058301 51.056766
51.058885 51.057333
51.059468 51.057897
51.060049 51.058460
51.060629 51.059022
51.061207 51.059581
51.061784 51.060139
51.062360 51.060695
51.062934 51.061250
51.063506 51.061803
51.064078 51.062355
51.064648 51.062905
51.065217 51.063455
51.065786 51.064002
51.066353 51.064549
51.066919 51.065094
51.067484 51.065638
51.068048 51.066181
51.068611 51.066722
51.069173 51.067263
51.069734 51.067802
51.070294 51.068339
51.070852 51.068875
51.071409 51.069410
51.071964 51.069943
51.072519 51.070474
51.073072 51.071004
51.073623 51.071532
51.074174 51.072059
51.074723 51.072584
51.075271 51.073108
51.075818 51.073631
51.076363 51.074152
51.076908 51.074671
51.077451 51.075189
51.077993 51.075706
51.078534 51.076222
51.079074 51.076736
51.079613 51.077248
51.080150 51.077759
51.080687 51.078269
51.081222 51.078778
51.081757 51.079285
51.082290 51.079791
51.082823 51.080296
51.083355 51.080800
51.083885 51.081302
51.084415 51.081803
51.084944 51.082302
51.085472 51.082801
51.085999 51.083298
51.086526 51.083794
51.087051 51.084289
51.087576 51.084783
51.088100 51.085275
51.088623 51.085767
51.089145 51.086257
51.089667 51.086746
51.090188 51.087234
51.090708 51.087721
51.091227 51.088206
51.091746 51.088691
51.092264 51.089174
51.092781 51.089657
51.093298 51.090138
51.093814 51.090618
51.094329 51.091098
51.094845 51.091576
51.095359 51.092054
51.095874 51.092531
51.096388 51.093007
51.096901 51.093482
51.097414 51.093956
51.097927 51.094430
51.098440 51.094903
51.098952 51.095375
51.099463 51.095846
51.099975 51.096317
51.100487 51.096787
51.100998 51.097257
51.101509 51.097726
51.102020 51.098194
51.102531 51.098662
51.103042 51.099129
51.103553 51.099596
51.104063 51.100063
51.104574 51.100529
51.105085 51.100994
51.105595 51.101459
51.106105 51.101923
51.106615 51.102386
51.107125 51.102849
51.107634 51.103310
51.108142 51.103771
51.108651 51.104231
51.109159 51.104691
51.109666 51.105149
51.110174 51.105607
51.110681 51.106064
51.111188 51.106520
51.111695 51.106976
51.112202 51.107431
51.112710 51.107886
51.113217 51.108341
51.113724 51.108795
51.114231 51.109248
51.114739 51.109702
51.115246 51.110154
51.115754 51.110607
51.116261 51.111059
51.116769 51.111510
51.117277 51.111961
51.117785 51.112412
51.118294 51.112863
51.118802 51.113313
51.119311 51.113763
51.119820 51.114212
51.120329 51.114661
51.120839 51.115110
51.121348 51.115558
51.121858 51.116006
51.122369 51.116454
51.122879 51.116902
51.123390 51.117349
51.123902 51.117796
51.124413 51.118243
51.124925 51.118690
51.125437 51.119136
51.125950 51.119583
51.126463 51.120029
51.126977 51.120474
51.127491 51.120920
51.128005 51.121365
51.128520 51.121811
51.129035 51.122256
51.129551 51.122701
51.130068 51.123146
51.130584 51.123590
51.131102 51.124035
51.131620 51.124479
51.132138 51.124924
51.132657 51.125368
51.133177 51.125812
51.133697 51.126256
51.134218 51.126700
51.134740 51.127144
51.135262 51.127588
51.135785 51.128032
51.136308 51.128476
51.136832 51.128920
51.137357 51.129364
51.137883 51.129808
51.138409 51.130253
51.138936 51.130697
51.139464 51.131141
51.139993 51.131585
51.140522 51.132029
51.141052 51.132474
51.141583 51.132918
51.142115 51.133363
51.142648 51.133807
51.143182 51.134252
51.143716 51.134697
51.144251 51.135142
51.144788 51.135587
51.145325 51.136033
51.145863 51.136478
51.146402 51.136924
51.146942 51.137370
51.147483 51.137817
51.148025 51.138263
51.148568 51.138710
51.149111 51.139157
51.149656 51.139604
51.150203 51.140051
51.150750 51.140499
51.151298 51.140947
51.151847 51.141396
51.152397 51.141844
51.152949 51.142293
51.153501 51.142742
51.154053 51.143191
51.154607 51.143639
51.155161 51.144088
51.155717 51.144537
51.156273 51.144986
51.156830 51.145435
51.157388 51.145884
51.157947 51.146334
51.158507 51.146783
51.159067 51.147232
51.159629 51.147682
51.160191 51.148132
51.160755 51.148581
51.161319 51.149031
51.161884 51.149481
51.162450 51.149931
51.163017 51.150381
51.163585 51.150831
51.164154 51.151281
51.164723 51.151732
51.165294 51.152183
51.165866 51.152634
51.166439 51.153085
51.167013 51.153536
51.167588 51.153988
51.168164 51.154440
51.168741 51.154893
51.169319 51.155346
51.169898 51.155799
51.170478 51.156252
51.171060 51.156706
51.171643 51.157161
51.172229 51.157617
51.172816 51.158075
51.173405 51.158534
51.173997 51.158994
51.174590 51.159456
51.175185 51.159919
51.175783 51.160383
51.176382 51.160849
51.176984 51.161316
51.177588 51.161785
51.178194 51.162256
51.178802 51.162727
51.179412 51.163201
51.180024 51.163675
51.180638 51.164151
51.181254 51.164629
51.181872 51.165108
51.182493 51.165589
51.183115 51.166071
51.183740 51.166555
51.184367 51.167041
51.184996 51.167528
51.185628 51.168016
51.186262 51.168507
51.186897 51.168999
51.187536 51.169493
51.188176 51.169988
51.188819 51.170486
51.189464 51.170985
51.190112 51.171486
51.190762 51.171989
51.191415 51.172493
51.192069 51.173000
51.192727 51.173509
51.193387 51.174019
51.194050 51.174532
51.194715 51.175047
51.195383 51.175564
51.196054 51.176083
51.196728 51.176605
51.197404 51.177128
51.198083 51.177654
51.198765 51.178182
51.199450 51.178713
51.200137 51.179245
51.200827 51.179780
51.201520 51.180317
51.202215 51.180855
51.202913 51.181396
51.203614 51.181939
51.204317 51.182484
51.205024 51.183032
51.205733 51.183581
51.206444 51.184133
51.207159 51.184687
51.207876 51.185243
51.208597 51.185802
51.209321 51.186363
51.210048 51.186926
51.210778 51.187493
51.211511 51.188061
51.212247 51.188632
51.212987 51.189206
51.213730 51.189783
51.214476 51.190362
51.215226 51.190943
51.215979 51.191527
51.216736 51.192114
51.217496 51.192704
51.218260 51.193296
51.219027 51.193891
51.219798 51.194489
51.220573 51.195089
51.221351 51.195692
51.222133 51.196298
51.222919 51.196907
51.223709 51.197518
51.224502 51.198132
51.225300 51.198749
51.226101 51.199368
51.226906 51.199990
51.227715 51.200615
51.228528 51.201242
51.229345 51.201872
51.230166 51.202505
51.230990 51.203141
51.231819 51.203779
51.232652 51.204421
51.233489 51.205065
51.234330 51.205712
51.235175 51.206362
51.236024 51.207015
51.236878 51.207670
51.237735 51.208329
51.238597 51.208991
51.239463 51.209656
51.240333 51.210324
51.241208 51.210995
51.242087 51.211669
51.242970 51.212347
51.243857 51.213027
51.244749 51.213711
51.245645 51.214399
51.246546 51.215091
51.247451 51.215786
51.248362 51.216485
51.249276 51.217188
51.250196 51.217894
51.251120 51.218605
51.252048 51.219319
51.252981 51.220038
51.253919 51.220760
51.254861 51.221486
51.255807 51.222217
51.256758 51.222951
51.257714 51.223690
51.258674 51.224432
51.259639 51.225179
51.260607 51.225930
51.261581 51.226686
51.262559 51.227446
51.263541 51.228210
51.264527 51.228978
51.265518 51.229751
51.266513 51.230529
51.267513 51.231311
51.268517 51.232097
51.269525 51.232888
51.270537 51.233684
51.271554 51.234484
51.272575 51.235289
51.273600 51.236099
51.274629 51.236914
51.275662 51.237733
51.276700 51.238558
51.277742 51.239387
51.278788 51.240221
51.279838 51.241060
51.280892 51.241904
51.281951 51.242753
51.283013 51.243607
51.284080 51.244466
51.285151 51.245330
51.286226 51.246199
51.287306 51.247073
51.288389 51.247953
51.289477 51.248837
51.290570 51.249727
51.291666 51.250622
51.292768 51.251522
51.293873 51.252427
51.294983 51.253338
51.296097 51.254254
51.297216 51.255175
51.298340 51.256101
51.299468 51.257033
51.300600 51.257970
51.301737 51.258911
51.302878 51.259857
51.304023 51.260808
51.305173 51.261763
51.306327 51.262724
51.307485 51.263688
51.308647 51.264658
51.309814 51.265632
51.310986 51.266611
51.312162 51.267594
51.313343 51.268583
51.314528 51.269575
51.315718 51.270572
51.316911 51.271573
51.318109 51.272578
51.319312 51.273588
51.320518 51.274602
51.321729 51.275620
51.322945 51.276642
51.324165 51.277669
51.325389 51.278700
51.326618 51.279736
51.327854 51.280778
51.329096 51.281826
51.330344 51.282882
51.331599 51.283944
51.332861 51.285013
51.334129 51.286089
51.335404 51.287171
51.336685 51.288260
51.337973 51.289356
51.339267 51.290459
51.340568 51.291569
51.341875 51.292685
51.343189 51.293808
51.344509 51.294938
51.345836 51.296075
51.347169 51.297219
51.348508 51.298369
51.349855 51.299526
51.351207 51.300690
51.352566 51.301861
51.353932 51.303039
51.355304 51.304224
51.356682 51.305416
51.358067 51.306614
51.359458 51.307819
51.360856 51.309032
51.362260 51.310251
51.363671 51.311477
51.365088 51.312710
51.366512 51.313949
51.367942 51.315196
51.369379 51.316450
51.370822 51.317710
51.372271 51.318978
51.373727 51.320252
51.375189 51.321533
51.376658 51.322821
51.378133 51.324116
51.379615 51.325418
51.381102 51.326727
51.382596 51.328042
51.384097 51.329365
51.385604 51.330694
51.387117 51.332031
51.388636 51.333374
51.390161 51.334724
51.391693 51.336081
51.393230 51.337445
51.394774 51.338815
51.396324 51.340193
51.397879 51.341577
51.399441 51.342969
51.401009 51.344367
51.402582 51.345772
51.404162 51.347184
51.405747 51.348602
51.407338 51.350027
51.408935 51.351460
51.410537 51.352899
51.412146 51.354344
51.413760 51.355797
51.415379 51.357256
51.417004 51.358722
51.418635 51.360194
51.420272 51.361674
51.421914 51.363160
51.423561 51.364652
51.425214 51.366152
51.426873 51.367658
51.428537 51.369170
51.430206 51.370690
51.431881 51.372216
51.433561 51.373748
51.435247 51.375287
51.436939 51.376833
51.438635 51.378386
51.440338 51.379944
51.442045 51.381510
51.443758 51.383082
51.445477 51.384660
51.447200 51.386245
51.448930 51.387837
51.450664 51.389435
51.452404 51.391039
51.454149 51.392650
51.455899 51.394268
51.457655 51.395892
51.459416 51.397522
51.461182 51.399158
51.462953 51.400801
51.464729 51.402451
51.466510 51.404106
51.468296 51.405768
51.470088 51.407436
51.471884 51.409111
51.473685 51.410791
51.475491 51.412478
51.477301 51.414171
51.479117 51.415871
51.480936 51.417576
51.482761 51.419287
51.484590 51.421005
51.486423 51.422728
51.488261 51.424457
51.490104 51.426193
51.491950 51.427934
51.493801 51.429681
51.495656 51.431435
51.497516 51.433194
51.499379 51.434958
51.501247 51.436729
51.503118 51.438505
51.504994 51.440287
51.506872 51.442074
51.508753 51.443864
51.510637 51.445659
51.512523 51.447457
51.514412 51.449260
51.516303 51.451067
51.518198 51.452878
51.520094 51.454693
51.521994 51.456512
51.523896 51.458335
51.525801 51.460162
51.527709 51.461995
51.529620 51.463832
51.531535 51.465674
51.533453 51.467521
51.535375 51.469373
51.537300 51.471230
51.539229 51.473091
51.541161 51.474958
51.543097 51.476829
51.545036 51.478706
51.546978 51.480587
51.548924 51.482473
51.550874 51.484364
51.552827 51.486259
51.554784 51.488160
51.556744 51.490065
51.558707 51.491975
51.560674 51.493890
51.562645 51.495810
51.564619 51.497734
51.566596 51.499663
51.568577 51.501597
51.570561 51.503536
51.572549 51.505479
51.574541 51.507427
51.576536 51.509380
51.578534 51.511338
51.580536 51.513300
51.582541 51.515266
51.584549 51.517238
51.586561 51.519213
51.588576 51.521194
51.590594 51.523179
51.592616 51.525168
51.594641 51.527162
51.596669 51.529161
51.598700 51.531164
51.600735 51.533171
51.602772 51.535183
51.604812 51.537199
51.606856 51.539219
51.608902 51.541244
51.610952 51.543273
51.613004 51.545306
51.615058 51.547343
51.617116 51.549384
51.619176 51.551430
51.621239 51.553479
51.623304 51.555532
51.625371 51.557590
51.627441 51.559651
51.629513 51.561716
51.631587 51.563784
51.633664 51.565857
51.635742 51.567933
51.637822 51.570012
51.639904 51.572095
51.641988 51.574182
51.644074 51.576272
51.646161 51.578365
51.648250 51.580462
51.650340 51.582562
51.652431 51.584664
51.654523 51.586770
51.656617 51.588879
51.658711 51.590991
51.660807 51.593105
51.662903 51.595223
51.665001 51.597343
51.667099 51.599465
51.669197 51.601591
51.671296 51.603718
51.673396 51.605848
51.675496 51.607981
51.677597 51.610116
51.679698 51.612253
51.681800 51.614393
51.683902 51.616535
51.686004 51.618679
51.688106 51.620825
51.690209 51.622973
51.692313 51.625124
51.694416 51.627276
51.696520 51.629431
51.698625 51.631588
51.700730 51.633747
51.702835 51.635908
51.704941 51.638071
51.707047 51.640236
51.709155 51.642403
51.711262 51.644573
51.713371 51.646744
51.715481 51.648918
51.717591 51.651094
51.719702 51.653272
51.719702 51.652990
51.719702 51.652708
51.719702 51.652426
51.719702 51.652144
51.719702 51.651860
51.719702 51.651577
51.719702 51.651293
51.719702 51.651008
51.719702 51.650723
51.719702 51.650438
51.719702 51.650151
51.719702 51.649864
51.719702 51.649576
51.719702 51.649287
51.719702 51.648998
51.719702 51.648708
51.719702 51.648417
51.719702 51.648125
51.719702 51.647832
51.719702 51.647538
51.719702 51.647244
51.719702 51.646948
51.719702 51.646652
51.719702 51.646355
51.719702 51.646057
51.719702 51.645759
51.719702 51.645459
51.719702 51.645159
51.719702 51.644859
51.719702 51.644557
51.719702 51.644255
51.719702 51.643952
51.719702 51.643649
51.719702 51.643345
51.719702 51.643040
51.719702 51.642735
51.719702 51.642430
51.719702 51.642124
51.719702 51.641818
51.719702 51.641512
51.719702 51.641206
51.719702 51.640899
51.719702 51.640592
51.719702 51.640285
51.719702 51.639978
51.719702 51.639670
51.719702 51.639363
51.719702 51.639056
51.719702 51.638749
51.719702 51.638442
51.719702 51.638135
51.719702 51.637828
51.719702 51.637521
51.719702 51.637215
51.719702 51.636908
51.719702 51.636602
51.719702 51.636296
51.719702 51.635991
51.719702 51.635685
51.719702 51.635380
51.719702 51.635075
51.719702 51.634770
51.719702 51.634466
51.719702 51.634161
51.719702 51.633857
51.719702 51.633553
51.719702 51.633250
51.719702 51.632946
51.719702 51.632643
51.719702 51.632340
51.719702 51.632038
51.719702 51.631736
51.719702 51.631433
51.719702 51.631132
51.719702 51.630830
51.719702 51.630529
51.719702 51.630228
51.719702 51.629927
51.719702 51.629626
51.719702 51.629326
51.719702 51.629026
51.719702 51.628726
51.719702 51.628427
51.719702 51.628127
51.719702 51.627828
51.719702 51.627530
51.719702 51.627231
51.719702 51.626933
51.719702 51.626636
51.719702 51.626338
51.719702 51.626041
51.719702 51.625744
51.719702 51.625448
51.719702 51.625152
51.719702 51.624856
51.719702 51.624560
51.719702 51.624265
51.719702 51.623970
51.719702 51.623676
51.719702 51.623382
51.719702 51.623088
51.719702 51.622794
51.719702 51.622501
51.719702 51.622207
51.719702 51.621914
51.719702 51.621622
51.719702 51.621329
51.719702 51.621036
51.719702 51.620744
51.719702 51.620451
51.719702 51.620159
51.719702 51.619867
51.719702 51.619574
51.719702 51.619282
51.719702 51.618990
51.719702 51.618697
51.719702 51.618404
51.719702 51.618111
51.719702 51.617818
51.719702 51.617525
51.719702 51.617232
51.719702 51.616938
51.719702 51.616644
51.719702 51.616349
51.719702 51.616054
51.719702 51.615759
51.719702 51.615463
51.719702 51.615167
51.719702 51.614871
51.719702 51.614574
51.719702 51.614277
51.719702 51.613979
51.719702 51.613681
51.719702 51.613382
51.719702 51.613083
51.719702 51.612783
51.719702 51.612483
51.719702 51.612183
51.719702 51.611882
51.719702 51.611580
51.719702 51.611279
51.719702 51.610977
51.719702 51.610674
51.719702 51.610371
51.719702 51.610068
51.719702 51.609764
51.719702 51.609460
51.719702 51.609156
51.719702 51.608851
51.719702 51.608546
51.719702 51.608240
51.719702 51.607934
51.719702 51.607628
51.719702 51.607321
51.719702 51.607014
51.719702 51.606707
51.719702 51.606399
51.719702 51.606091
51.719702 51.605783
51.719702 51.605474
51.719702 51.605165
51.719702 51.604855
51.719702 51.604545
51.719702 51.604234
51.719702 51.603923
51.719702 51.603611
51.719702 51.603299
51.719702 51.602986
51.719702 51.602673
51.719702 51.602359
51.719702 51.602044
51.719702 51.601729
51.719702 51.601413
51.719702 51.601096
51.719702 51.600779
51.719702 51.600461
51.719702 51.600142
51.719702 51.599822
51.719702 51.599501
51.719702 51.599179
51.719702 51.598856
51.719702 51.598532
51.719702 51.598207
51.719702 51.597881
51.719702 51.597553
51.719702 51.597225
51.719702 51.596895
51.719702 51.596564
51.719702 51.596232
51.719702 51.595898
51.719702 51.595562
51.719702 51.595226
51.719702 51.594887
51.719702 51.594547
51.719702 51.594206
51.719702 51.593862
51.719702 51.593517
51.719702 51.593170
51.719702 51.592821
51.719702 51.592470
51.719702 51.592117
51.719702 51.591761
51.719702 51.591404
51.719702 51.591044
51.719702 51.590682
51.719702 51.590318
51.719702 51.589951
51.719702 51.589581
51.719702 51.589209
51.719702 51.588834
51.719702 51.588456
51.719702 51.588076
51.719702 51.587693
51.719702 51.587306
51.719702 51.586917
51.719702 51.586525
51.719702 51.586129
51.719702 51.585730
51.719702 51.585328
51.719702 51.584922
51.719702 51.584513
51.719702 51.584101
51.719702 51.583685
51.719702 51.583265
51.719702 51.582842
51.719702 51.582415
51.719702 51.581984
51.719702 51.581549
51.719702 51.581111
51.719702 51.580668
51.719702 51.580222
51.719702 51.579771
51.719702 51.579317
51.719702 51.578858
51.719702 51.578396
51.719702 51.577929
51.719702 51.577457
51.719702 51.576982
51.719702 51.576502
51.719702 51.576018
51.719702 51.575529
51.719702 51.575036
51.719702 51.574539
51.719702 51.574037
51.719702 51.573530
51.719702 51.573019
51.719702 51.572503
51.719702 51.571982
51.719702 51.571457
51.719702 51.570927
51.719702 51.570393
51.719702 51.569855
51.719702 51.569312
51.719702 51.568764
51.719702 51.568211
51.719702 51.567654
51.719702 51.567091
51.719702 51.566524
51.719702 51.565951
51.719702 51.565373
51.719702 51.564789
51.719702 51.564201
51.719702 51.563606
51.719702 51.563006
51.719702 51.562401
51.719702 51.561789
51.719702 51.561171
51.719702 51.560548
51.719702 51.559918
51.719702 51.559282
51.719702 51.558640
51.719702 51.557992
51.719702 51.557336
51.719702 51.556675
51.719702 51.556006
51.719702 51.555330
51.719702 51.554648
51.719702 51.553958
51.719702 51.553262
51.719702 51.552557
51.719702 51.551846
51.719702 51.551127
51.719702 51.550400
51.719702 51.549665
51.719702 51.548922
51.719702 51.548172
51.719702 51.547413
51.719702 51.546646
51.719702 51.545870
51.719702 51.545086
51.719702 51.544293
51.719702 51.543491
51.719702 51.542680
51.719702 51.541860
51.719702 51.541031
51.719702 51.540192
51.719702 51.539344
51.719702 51.538486
51.719702 51.537618
51.719702 51.536740
51.719702 51.535852
51.719702 51.534954
51.719702 51.534045
51.719702 51.533125
51.719702 51.532195
51.719702 51.531254
51.719702 51.530301
51.719702 51.529338
51.719702 51.528362
51.719702 51.527376
51.719702 51.526377
51.719702 51.525366
51.719702 51.524343
51.719702 51.523308
51.719702 51.522260
51.719702 51.521199
51.719702 51.520126
51.719702 51.519039
51.719702 51.517939
51.719702 51.516825
51.719702 51.515698
51.719702 51.514557
51.719702 51.513401
51.719702 51.512231
51.719702 51.511047
51.719702 51.509848
51.719702 51.508633
51.719702 51.507404
51.719702 51.506159
51.719702 51.504898
51.719702 51.503621
51.719702 51.502328
51.719702 51.501018
51.719702 51.499692
51.719702 51.498349
51.719702 51.496989
51.719702 51.495611
51.719702 51.494216
51.719702 51.492802
51.719702 51.491370
51.719702 51.489920
51.719702 51.488451
51.719702 51.486962
51.719702 51.485455
51.719702 51.483927
51.719702 51.482380
51.719702 51.480812
51.719702 51.479224
51.719702 51.477614
51.719702 51.475984
51.719702 51.474332
51.719702 51.472658
51.719702 51.470961
51.719702 51.469243
51.719702 51.467501
51.719702 51.465736
51.719702 51.463948
51.719702 51.462135
51.719702 51.460298
51.719702 51.458437
51.719702 51.456550
51.719702 51.454638
51.719702 51.452700
51.719702 51.450736
51.719702 51.448746
51.719702 51.446728
51.719702 51.444683
51.719702 51.442610
51.719702 51.440509
51.719702 51.438379
51.719702 51.436221
51.719702 51.434032
51.719702 51.431814
51.719702 51.429565
51.719702 51.427286
51.719702 51.424975
51.719702 51.422633
51.719702 51.420258
51.719702 51.417851
51.719702 51.415410
51.719702 51.412936
51.719702 51.410428
51.719702 51.407885
51.719702 51.405308
51.719702 51.402694
51.719702 51.400045
51.719702 51.397359
51.719702 51.394636
51.719702 51.391876
51.719702 51.389077
51.719702 51.386240
51.719702 51.383364
51.719702 51.380448
51.719702 51.377492
51.719702 51.374495
51.719702 51.371457
51.719702 51.368377
51.719702 51.365255
51.719702 51.362090
51.719702 51.358882
51.719702 51.355629
51.719702 51.352333
51.719702 51.348991
51.719702 51.345603
51.719702 51.342170
51.719702 51.338689
51.719702 51.335162
51.719702 51.331587
51.719702 51.327963
51.719702 51.324290
51.719702 51.320568
51.719702 51.316796
51.719702 51.312973
51.719702 51.309099
51.719702 51.305173
51.719702 51.301195
51.719702 51.297164
51.719702 51.293079
51.719702 51.288941
51.719702 51.284748
51.719702 51.280500
51.719702 51.276196
51.719702 51.271836
51.719702 51.267420
51.719702 51.262946
51.719702 51.258414
51.719702 51.253824
51.719702 51.249175
51.719702 51.244466
51.719702 51.239698
51.719702 51.234869
51.719702 51.229979
51.719702 51.225027
51.719702 51.220014
51.719702 51.214938
51.719702 51.209798
51.719702 51.204595
51.719702 51.199328
51.719702 51.193997
51.719702 51.188600
51.719702 51.183138
51.719702 51.177610
51.719702 51.172015
51.719702 51.166353
51.719702 51.160624
51.719702 51.154826
51.719702 51.148961
51.719702 51.143026
51.719702 51.137022
51.719702 51.130949
51.719702 51.124805
51.719702 51.118591
51.719702 51.112306
51.719702 51.105949
51.719702 51.099521
51.719702 51.093020
51.719702 51.086447
51.719702 51.079801
51.719702 51.073081
51.719702 51.066288
51.719702 51.059420
51.719702 51.052478
51.719702 51.045462
51.719702 51.038370
51.719702 51.031202
51.719702 51.023959
51.719702 51.016639
51.719702 51.009244
51.719702 51.001771
51.719702 50.994221
51.719702 50.986594
51.719702 50.978889
51.719702 50.971106
51.719702 50.963245
51.719702 50.955305
51.719702 50.947287
51.719702 50.939189
51.719702 50.931012
51.719702 50.922756
51.719702 50.914420
51.719702 50.906004
51.719702 50.897508
51.719702 50.888931
51.719702 50.880274
51.719702 50.871535
51.719702 50.862716
51.719702 50.853816
51.719702 50.844834
51.719702 50.835771
51.719702 50.826625
51.719702 50.817398
51.719702 50.808089
51.719702 50.798698
51.719702 50.789224
51.719702 50.779668
51.719702 50.770029
51.719702 50.760308
51.719702 50.750503
51.719702 50.740616
51.719702 50.730646
51.719702 50.720592
51.719702 50.710455
51.719702 50.700235
51.719702 50.689932
51.719702 50.679544
51.719702 50.669074
51.719702 50.658519
51.719702 50.647881
51.719702 50.637160
51.719702 50.626354
51.719702 50.615465
51.719702 50.604491
51.719702 50.593434
51.719702 50.582293
51.719702 50.571068
51.719702 50.559759
51.719702 50.548365
51.719702 50.536888
51.719702 50.525327
51.719702 50.513682
51.719702 50.501953
51.719702 50.490140
51.719702 50.478243
51.719702 50.466262
51.719702 50.454197
51.719702 50.442048
51.719702 50.429815
51.719702 50.417499
51.719702 50.405098
51.719702 50.392614
51.719702 50.380046
51.719702 50.367395
51.719702 50.354660
51.719702 50.341841
51.719702 50.328939
51.719702 50.315954
51.719702 50.302885
51.719702 50.289733
51.719702 50.276498
51.719702 50.263180
51.719702 50.249779
51.719702 50.236294
51.719702 50.222727
51.719702 50.209078
51.719702 50.195345
51.719702 50.181530
51.719702 50.167633
51.719702 50.153653
51.719702 50.139591
51.719702 50.125447
51.719702 50.111221
51.719702 50.096914
51.719702 50.082524
51.719702 50.068053
51.719702 50.053500
51.719702 50.038866
51.719702 50.024150
51.719702 50.009353
51.719702 49.994476
51.719702 49.979517
51.719702 49.964478
51.719702 49.949358
51.719702 49.934158
51.719702 49.918878
51.719702 49.903517
51.719702 49.888076
51.719702 49.872556
51.719702 49.856955
51.719702 49.841276
51.719702 49.825516
51.719702 49.809678
51.719702 49.793760
51.719702 49.777764
51.719702 49.761689
51.719702 49.745535
51.719702 49.729303
51.719702 49.712992
51.719702 49.696604
51.719702 49.680137
51.719702 49.663593
51.719702 49.646971
51.719702 49.630271
51.719702 49.613495
51.719702 49.596641
51.719702 49.579710
51.719702 49.562703
51.719702 49.545619
51.719702 49.528459
51.719702 49.511223
51.719702 49.493910
51.719702 49.476522
51.719702 49.459058
51.719702 49.441519
51.719702 49.423904
51.719702 49.406215
51.719702 49.388450
51.719702 49.370611
51.719702 49.352697
51.719702 49.334709
51.719702 49.316647
51.719702 49.298510
51.719702 49.280300
51.719702 49.262017
51.719702 49.243660
51.719702 49.225230
51.719702 49.206726
51.719702 49.188150
51.719702 49.169502
51.719702 49.150781
51.719702 49.131988
51.719702 49.113122
51.719702 49.094185
51.719702 49.075177
51.719702 49.056097
51.719702 49.036945
51.719702 49.017723
51.719702 48.998430
51.719702 48.979066
51.719702 48.959631
51.719702 48.940127
51.719702 48.920552
51.719702 48.900908
51.719702 48.881194
51.719702 48.861410
51.719702 48.841557
51.719702 48.821635
51.719702 48.801645
51.719702 48.781585
51.719702 48.761457
51.719702 48.741261
51.719702 48.720997
51.719702 48.700665
51.719702 48.680266
51.719702 48.659799
51.719702 48.639264
51.719702 48.618663
51.719702 48.597995
51.719702 48.577260
51.719702 48.556459
51.719702 48.535591
51.719702 48.514658
51.719702 48.493658
51.719702 48.472593
51.719702 48.451463
51.719702 48.430267
51.719702 48.409006
51.719702 48.387681
51.719702 48.366291
51.719702 48.344836
51.719702 48.323317
51.719702 48.301735
51.719702 48.280088
51.719702 48.258378
51.719702 48.236604
51.719702 48.214767
51.719702 48.192868
