1.1 0.0768 0.544 -18.5436
1.2 0.106 0.540 -17.6498
1.3 0.182 0.750 -17.251
1.4 0.201 0.791 -16.9914
1.5 0.219 0.788 -16.7959
1.6 0.216 0.831 -16.6517
1.7 0.233 0.839 -16.5086
1.8 0.233 0.825 -16.3904
1.9 0.248 0.805 -16.2757
2.0 0.244 0.779 -16.1713
3.0 0.188 1.23 -15.821
4.0 0.131 1.82 -15.9066
5.0 0.120 2.05 -15.8633
6.0 0.107 2.19 -15.7905
7.0 0.102 2.23 -15.767
8.0 0.0932 2.29 -15.7496
9.0 0.0838 2.37 -15.7352
10.0 0.0761 2.43 -15.7144
20.0 0.107 2.27 -15.3242
30.0 0.0928 2.33 -15.1135
40.0 0.0772 2.42 -14.9747
100.0 0.0479 2.59 -14.5638