-4.683070895673381
-4.67843462485361
-4.673783677955184
-4.66911811054076
-4.6644379786569985
-4.659743338828527
-4.655175057389
-4.650595363762524
-4.6460043443851955
-4.641402086321671
-4.6367886772585445
-4.63216420549767
-4.627528759949394
-4.62288243012573
-4.618225306133459
-4.613557478667165
-4.6088790390022005
-4.604190078987594
-4.599492804225431
-4.594785230248698
-4.590067450914745
-4.585339560627363
-4.580601654329378
-4.575853827495156
-4.571096176123071
-4.566328796727895
-4.561551786333152
-4.556765242463399
-4.551969263136458
-4.547070851558347
-4.54216141758738
-4.5372410438385185
-4.532309813289412
-4.5273678092726435
-4.522415115467934
-4.517451815894321
-4.512477994902291
-4.507493737165898
-4.502499127674841
-4.497494251726513
-4.49263476579156
-4.487767950532712
-4.482893917915868
-4.478012780328354
-4.4731246505703295
-4.468229641846162
-4.463327867755748
-4.458419442285811
-4.453504479801144
-4.448583095035818
-4.44365540308436
-4.438721519392894
-4.433782521770267
-4.428837578553625
-4.423886806318786
-4.418930321958026
-4.413968242671038
-4.409000685955888
-4.404027769599921
-4.399049611670658
-4.394066330506656
-4.389078044708352
-4.384084873128874
-4.378897196345507
-4.373701340764208
-4.3684973927580115
-4.363285438723446
-4.35806556507184
-4.352837858220625
-4.3476024045846655
-4.342359290567593
-4.337108602553167
-4.331850426896637
-4.326584849916143
-4.3217779687180755
-4.316970926198835
-4.312163872604985
-4.307356958438014
-4.3025503344439215
-4.297744151602775
-4.292938561118219
-4.288133714406975
-4.2833297630883
-4.278526858973425
-4.273725154054958
-4.268924262233993
-4.264124867738966
-4.259327122988379
-4.254531180539291
-4.249737193076604
-4.244945313402342
-4.240155694424905
-4.235368489148301
-4.230583850661368
-4.225801932126977
-4.221022886771215
-4.216246333608781
-4.211472953913746
-4.2067029009828
-4.201936328132259
-4.197173388687186
-4.1924142359705225
-4.18765902329219
-4.182907903938207
-4.178161031159776
-4.17341855816239
-4.168680638094912
-4.163947424038675
-4.15921853843815
-4.154494658499894
-4.149775936983487
-4.145062526537116
-4.1403545796866545
-4.135652248824762
-4.130955686199985
-4.126265043905861
-4.121580473870029
-4.11690212784335
-4.112230157389028
-4.107564187218724
-4.102904888921898
-4.098252413380408
-4.0936069112448505
-4.0889685329237695
-4.084337428572838
-4.0797137480840835
-4.075097641075116
-4.070489256878379
-4.065888744530415
-4.061296252761154
-4.05671140718909
-4.052134872520031
-4.047566796447122
-4.043007326314052
-4.038456609104437
-4.033914791431259
-4.029382019526305
-4.024858439229649
-4.020344195979151
-4.015839434799998
-4.011344300294261
-4.006858417649584
-4.002382443443937
-3.9979165208952567
-3.993460792756725
-3.989015401306496
-3.984580488337451
-3.9801561951470115
-3.975742662526957
-3.971340030753307
-3.9669484395762313
-3.9625680282099998
-3.958198935322969
-3.9535712266578003
-3.9489516670354523
-3.9443403633346708
-3.9397374217186942
-3.9351429476267783
-3.930557045765786
-3.9259798201018685
-3.9214113738522025
-3.9168518094768316
-3.9123012286705627
-3.907759732354966
-3.902879284038555
-3.897999275457956
-3.8931197185236286
-3.8882406237727327
-3.88336200036185
-3.8784838560598702
-3.8736061972410063
-3.868729028877982
-3.8638523545353554
-3.858976176363014
-3.854100495089803
-3.8496571688685126
-3.845224306363668
-3.8408020006142833
-3.8363903438289846
-3.831989427379742
-3.827599341795695
-3.8232201767570673
-3.818852021089176
-3.8144949627565374
-3.8101490888570595
-3.805814485616338
-3.8014914353327818
-3.797179828090936
-3.792879747488736
-3.7885912762300284
-3.7843144961193387
-3.7800494880567452
-3.7757963320328427
-3.771555107123813
-3.767325891486589
-3.7631087623541273
-3.7589037960307667
-3.754711067887702
-3.7505307971182353
-3.7463629143421278
-3.7422074921215334
-3.7380646020684303
-3.73393431484058
-3.7298167001376274
-3.7257118266972666
-3.721619762291547
-3.7175405737232454
-3.7134743268223858
-3.70942108644282
-3.705381059481005
-3.7013541676703183
-3.6973404729331616
-3.6933400362033075
-3.6893529174230313
-3.6853791755403464
-3.681418868506352
-3.677472053272677
-3.6735387857890416
-3.669619121000917
-3.665713112847305
-3.661629732151177
-3.6575572569191337
-3.653495712209806
-3.649445121937325
-3.645405508870426
-3.641376894631695
-3.637359299696936
-3.6333527433946844
-3.6293572439058375
-3.625372818263429
-3.6213994823525333
-3.617470551862113
-3.6135533126532433
-3.60964778249443
-3.6057539780367334
-3.6018719148142395
-3.598001607244623
-3.594143068629873
-3.5902963111571173
-3.5864613458996057
-3.5826381828177887
-3.578826830760555
-3.575027297466575
-3.5712415428126976
-3.567467651211838
-3.563705627377715
-3.5599554749221163
-3.556217196356896
-3.552490793096077
-3.548776265458092
-3.545073612668155
-3.5413828328607453
-3.537703923082228
-3.5340368792936028
-3.5304352910157206
-3.5268463902950815
-3.5232701774523103
-3.5197066517743307
-3.5161558115175167
-3.5126176539109704
-3.5090921751599016
-3.5055793704491416
-3.5020792339467577
-3.498591758807793
-3.495116937178111
-3.49165582267727
-3.4882073586459947
-3.4847715343684467
-3.4813483381368533
-3.477937757255922
-3.4745397780473564
-3.471154385854499
-3.4677815650470647
-3.464421299025997
-3.461073570228427
-3.457738360132744
-3.4544166920362227
-3.4511075180906614
-3.447810817068209
-3.4445265668043037
-3.441254744203256
-3.437995325243954
-3.434748284985656
-3.431513597573896
-3.4282912362464826
-3.4250811733395983
-3.4218833802940045
-3.4186978276613416
-3.41552551216438
-3.4123653906054114
-3.409217431043328
-3.406081600674737
-3.4029578658407305
-3.399846192033757
-3.3967465439045745
-3.3936588852693026
-3.3905831791165606
-3.3875193876146934
-3.384467472119087
-3.3812378480236776
-3.378016541359984
-3.3748034783999064
-3.37159858444421
-3.3684017838308695
-3.365212999943485
-3.362032155219834
-3.3588591711605185
-3.35569396833772
-3.3525364664040582
-3.349386584101551
-3.346651088098045
-3.343929345145866
-3.341221328746185
-3.3385270118238086
-3.335846366735006
-3.3331793652754014
-3.3305259786878905
-3.3278861776706137
-3.325259932384964
-3.3226472124636395
-3.3200479870187323
-3.3174618822596766
-3.3148892045532765
-3.3123299214632484
-3.3097840000652723
-3.3072514069552534
-3.3047321082576175
-3.3022260696336354
-3.299733256289759
-3.29725363298601
-3.294787164044365
-3.2923338133571876
-3.2898935443956607
-3.287465980235944
-3.285051419425667
-3.2826498241881277
-3.280261156359252
-3.2778853773961263
-3.275522448385529
-3.27317233005249
-3.2708349827688394
-3.268510366561781
-3.2661984411224587
-3.263899165814542
-3.2616121623105325
-3.259337722660142
-3.2570758052611604
-3.254826368218084
-3.252589369350688
-3.2503647662026096
-3.2481525160499025
-3.245952575909614
-3.2437649025483206
-3.2415894524906785
-3.239426182027949
-3.2372747124335315
-3.235150123481519
-3.2330521944155115
-3.2309807058199747
-3.2289354396220453
-3.2269161790932275
-3.2249227088510324
-3.222954814860496
-3.221012284435636
-3.219094906240808
-3.217202470291979
-3.215111832981511
-3.212993559701946
-3.2108930198393524
-3.208810028711456
-3.2067444024608838
-3.204695958059136
-3.202664513310504
-3.2006498868559463
-3.1986518981769114
-3.196670367599122
-3.1947051162962907
-3.1927559662938103
-3.190653592581408
-3.188562797183625
-3.1864834075275037
-3.1844152515648387
-3.1823581577772733
-3.180311955181371
-3.178276473333664
-3.17625154233568
-3.1742369928389262
-3.1722326560498653
-3.170238363734844
-3.168286214507093
-3.1663435302398435
-3.1644102339241575
-3.1624862487265997
-3.160571497996921
-3.158665905275674
-3.1567693943017874
-3.154881889020078
-3.153003313588701
-3.151133592386548
-3.1492726500205857
-3.147414955423817
-3.14556588324601
-3.143725359142591
-3.14189330902059
-3.140069659045716
-3.1382543356493695
-3.1364472655355895
-3.134648375687928
-3.1328575933762544
-3.1310748461634947
-3.129300061912293
-3.1275331687916035
-3.1260704323215363
-3.124624152613727
-3.1231941438988606
-3.1217802218788
-3.120382203725984
-3.1189999080827295
-3.117633155060425
-3.1162817662386315
-3.114945564664068
-3.113624374849513
-3.1123180227725955
-3.1109815811407504
-3.1096564662165287
-3.108342547782648
-3.107039696716491
-3.105747784990246
-3.1044666856709853
-3.1031962729206386
-3.101936421995882
-3.100687009247962
-3.0994479121223963
-3.0982190091586195
-3.096756901462607
-3.0952992926646683
-3.093846138737624
-3.0923973959870956
-3.090953021055546
-3.0895129709262434
-3.0880772029271397
-3.0866456747346853
-3.085218344377563
-3.0837951702403483
-3.0823761110670818
-3.0809559871797125
-3.0795398945238395
-3.0781277932160487
-3.076719643741347
-3.0753154069564124
-3.0739150440927387
-3.072518516759729
-3.071125786947678
-3.069736817030694
-3.068351569769528
-3.0669700083143216
-3.0655922111508795
-3.0642129445068473
-3.0628372559167922
-3.0614651103327573
-3.0600964731045863
-3.0587313099822184
-3.057369587117896
-3.056011271068291
-3.0546563287965425
-3.053304727674206
-3.05195643548312
-3.050611420417188
-3.0491806712542964
-3.04775096338677
-3.046322195786854
-3.0448942679970212
-3.043467080129683
-3.042040532866827
-3.0406145274596232
-3.039188965727959
-3.0377637500599404
-3.036338783411331
-3.0349139693049523
-3.0335918702072333
-3.0322739798352556
-3.0309602867503544
-3.029650779938621
-3.0283454488119976
-3.0270442832092757
-3.0257472733969886
-3.0244544100702035
-3.02316568435321
-3.0218810878001063
-3.020600612395288
-3.019323897342111
-3.018049779112264
-3.016779766305927
-3.015513852533661
-3.014252031836916
-3.0129942986879295
-3.0117406479895013
-3.010491075074685
-3.009245575706376
-3.0080041460767952
-3.006766782806878
-3.005533132173021
-3.004451449006575
-3.00337336806279
-3.0022988874117638
-3.0012280056175777
-3.000160721735842
-2.999097035311157
-2.998036946374485
-2.996980455440441
-2.9959275635044973
-2.9948782720401033
-2.9938325829957195
-2.992784206986407
-2.991739424169338
-2.990698238211318
-2.9896606532355925
-2.988626673818537
-2.987596304986285
-2.986569552211253
-2.985546421408607
-2.9845269189326444
-2.9835110515730956
-2.9824988265513634
-2.9815768007112515
-2.98065898590775
-2.979745380714882
-2.9788359842483945
-2.9779307961605244
-2.977029816634708
-2.97613304638021
-2.975240486626697
-2.974352139118741
-2.973468006110256
-2.972588090358884
-2.9715541823442946
-2.9705240427160744
-2.969497686976193
-2.968475130936168
-2.9674563907129006
-2.966441482724447
-2.965430423685725
-2.9644232306041607
-2.9634199207752907
-2.9624205117782787
-2.961425021471401
-2.9604334679874627
-2.9594425797782584
-2.958455672954297
-2.9574727663829163
-2.9564938791858606
-2.955519030734457
-2.954548240644751
-2.953581528772588
-2.9526189152086504
-2.951660420273442
-2.9507060645122425
-2.949755868689997
-2.9485371562980394
-2.9473191319124643
-2.946101785883351
-2.944885108620764
-2.9436690905907703
-2.94245372231142
-2.941238994348751
-2.9400248973127683
-2.9388114218534307
-2.9375985586566378
-2.9363862984402087
-2.93526359705051
-2.934140527748289
-2.9330170522068446
-2.931893132243558
-2.9307687298141674
-2.9296438070070487
-2.928518326037542
-2.9273922492422977
-2.926265539073659
-2.925138158094073
-2.9240100689705444
-2.9228722924640476
-2.9217336222118186
-2.9205940242579405
-2.919453464705197
-2.9183119097099066
-2.917169325476802
-2.916025678253942
-2.9148809343276882
-2.9137350600177077
-2.9125880216720432
-2.9114397856622247
-2.91058036882467
-2.9097423667834654
-2.9089075537970968
-2.908075930413959
-2.907247497407286
-2.9064222557690114
-2.905600206703645
-2.904781351622199
-2.903965692136109
-2.9031532300512097
-2.902343967361718
-2.9015379062442594
-2.9005050909122185
-2.899475024608569
-2.8984477239987427
-2.8974232056798104
-2.8964014861771226
-2.8953825819409618
-2.8943665093432265
-2.8933532846741494
-2.892342924139034
-2.8913354438550227
-2.8903308598478903
-2.8893272494062527
-2.8883265762878993
-2.887328856146506
-2.886334104531551
-2.8853423368852775
-2.8843535685396975
-2.883367814713624
-2.8823850905097386
-2.881405410911693
-2.8804287907812505
-2.879455244855455
-2.8784846440966403
-2.877609935919563
-2.8767379610824317
-2.875868734839652
-2.875002272340596
-2.8741385886262707
-2.8732776986260227
-2.872419617154292
-2.8715643589074125
-2.8707119384604676
-2.8698623702641806
-2.8688238835830733
-2.8676871365261016
-2.866551135497422
-2.8654158704818626
-2.86428133119034
-2.8631475070587546
-2.862014387246947
-2.860881960637726
-2.859750215835957
-2.8586191411677206
-2.857488724679543
-2.856358954137682
-2.855325334681286
-2.854293697775323
-2.8532640423424063
-2.852236367079758
-2.851210670458415
-2.850186950722506
-2.849165205888573
-2.8481454337449588
-2.84712763185125
-2.8461117975377768
-2.845097927905173
-2.844084750718991
-2.8430735462935868
-2.8420643110098776
-2.841057041017913
-2.840051732236722
-2.8390483803542392
-2.838046980827279
-2.8370475288815724
-2.836050019511858
-2.8350544474820394
-2.8340608073253843
-2.832972081224984
-2.8318839614533178
-2.8307964299721395
-2.8297094684579758
-2.828623058303061
-2.827537180616348
-2.8264518162245817
-2.825366945673431
-2.8242825492287134
-2.8231986068776607
-2.8221150983302703
-2.821032003020713
-2.820137093357567
-2.8192422483061756
-2.818347443524992
-2.817452654516202
-2.816557856625785
-2.815663025043656
-2.8147681348038733
-2.813873160784926
-2.8129780777101097
-2.8120828601479557
-2.811187482512759
-2.8104131529837435
-2.8096406923869846
-2.8088700980865946
-2.8081013673325685
-2.8073344972614134
-2.8065694848968334
-2.805806327150459
-2.805045020822628
-2.8042855626032197
-2.803527949072544
-2.8027721767022635
-2.802051331786437
-2.8013324076320973
-2.800615398118175
-2.7999002970539966
-2.7991870981800866
-2.798475795169021
-2.7977663816263423
-2.7970588510914824
-2.7963531970387794
-2.7956494128784932
-2.7949474919578923
-2.7941081391470033
-2.7932708382688483
-2.792435585246195
-2.791602375855833
-2.790771205731124
-2.7899420703645914
-2.7891149651105236
-2.788289885187618
-2.787466825681655
-2.7866457815481898
-2.785826747615274
-2.785009655709698
-2.7841924731021606
-2.7833772955996725
-2.7825641174776976
-2.7817529328977493
-2.780943735910266
-2.7801365204575137
-2.7793312803764954
-2.7785280094018954
-2.777726701169027
-2.7769273492168045
-2.7761299469907224
-2.775426473256009
-2.7747246163593764
-2.7740243698323335
-2.7733257271640124
-2.772628681803471
-2.7719332271619868
-2.7712393566153892
-2.7705470635063905
-2.7698563411469377
-2.769167182820576
-2.768479581784823
-2.76741710854041
-2.766353846361295
-2.7652897578567806
-2.764224805446971
-2.7631589513673687
-2.7620921576734965
-2.761024386245527
-2.7599555987929456
-2.7588857568592227
-2.757814821826511
-2.756742754920353
-2.7555069763755986
-2.75426566217228
-2.7530196993267557
-2.7517690158193098
-2.750513539299418
-2.749253197090943
-2.74798791619738
-2.7467176233071258
-2.745442244798798
-2.7441617067465716
-2.742875934925568
-2.742323541644714
-2.741963951290202
-2.741608826414083
-2.741258189226407
-2.7409120621945036
-2.7405704680437877
-2.7402334297584767
-2.739900970582283
-2.7395731140190596
-2.739249883833385
-2.738931304051111
-2.7386173989598506
-2.7378468877901225
-2.737084533902866
-2.736330338773598
-2.735584304134776
-2.734846431979012
-2.7341167245622082
-2.7333951844065765
-2.732681814303582
-2.7319766173167745
-2.73127959678453
-2.730590756322685
-2.7299100965984047
-2.729237613143197
-2.7285733104164622
-2.727917193164247
-2.727269266421393
-2.7266295355135632
-2.725998006059174
-2.725374683971218
-2.7247595754589917
-2.724152687029708
-2.723554025490011
-2.7229635931430276
-2.722381390396848
-2.7218074249606112
-2.7212417048475115
-2.7206842383757683
-2.720135034169502
-2.71959410115949
-2.7190614485838323
-2.718537085988488
-2.718021023227715
-2.7175132704644067
-2.717013838170299
-2.7165226805396925
-2.7160398529320844
-2.715565366737184
-2.7150992336529494
-2.7146414656852507
-2.7141920751474387
-2.7137510746597884
-2.713318477148845
-2.7128942958466506
-2.71247854428987
-2.7120712363187964
-2.7116724290437944
-2.7112820828478457
-2.710900212475994
-2.7105268329715138
-2.710161959674377
-2.709805608219601
-2.709457794535493
-2.7091185348417963
-2.7087878456477066
-2.7084657437497923
-2.708152246229821
-2.707847361282237
-2.7075511041176563
-2.7072634926550765
-2.706984545088502
-2.7067142798842276
-2.706452715778008
-2.7061998717721316
-2.7059557671323855
-2.705720421384915
-2.7054938543129854
-2.7052760859536376
-2.705067125954498
-2.704866993951471
-2.7046757107176025
-2.7044932972649596
-2.704319774840802
-2.7041551649236233
-2.7039994892191177
-2.7038527696560317
-2.7037150283819367
-2.703586287758892
-2.7034665703590246
-2.7033553774607517
-2.703520281219369
-2.7036916343711064
-2.703869481468975
-2.704053867189968
-2.7042448363286358
-2.7044424337906
-2.704646704586003
-2.704857693822899
-2.7050754467005858
-2.705300008502877
-2.7055314245913165
-2.7061134406755034
-2.7067033509414076
-2.707301177055201
-2.707906941096498
-2.7085206655475598
-2.7091423732824618
-2.709772087556221
-2.710409831993889
-2.7110556305796107
-2.7117095076456614
-2.712371487861435
-2.7122947412724128
-2.712222227796321
-2.712153959151542
-2.7120899468776267
-2.7120302023300455
-2.711974736674926
-2.711923560883794
-2.7118766857282957
-2.7118341217749222
-2.711795879379734
-2.7117619686830716
-2.71189897381637
-2.7120422992253337
-2.712191971207111
-2.712348015887807
-2.7125104592163556
-2.7126793269583716
-2.712854644689998
-2.7130364377917506
-2.713224731442338
-2.7134195506124907
-2.7136209200587755
-2.7138284317258092
-2.714042394375296
-2.7142629765450543
-2.714490202019374
-2.71472409433732
-2.7149646767865327
-2.715211972397067
-2.715466003935208
-2.7157267938973155
-2.715994364503664
-2.7162687376922987
-2.7165499351128966
-2.716837406131388
-2.71713174016396
-2.717432957905253
-2.7177410797370163
-2.718056125722052
-2.718378115598183
-2.718707068772238
-2.7190430043140603
-2.719385940950546
-2.719735897059702
-2.7200928906647324
-2.7206454430857194
-2.7212036112710276
-2.7217674222692576
-2.722336902748641
-2.722912078990066
-2.723492976880188
-2.7240796219045498
-2.7246720391408026
-2.7252702532519413
-2.7258742884796305
-2.7264841686375663
-2.727066514003305
-2.7276549234575063
-2.7282494185484385
-2.728850020363088
-2.7294567495210798
-2.7300696261686683
-2.730688669972802
-2.7313139001152407
-2.73194533528675
-2.7325829936813637
-2.73322689299071
-2.733876676696807
-2.7345307995750017
-2.7351912209394458
-2.735857956310139
-2.736531020677022
-2.737210428494776
-2.7378961936776935
-2.7385883295946383
-2.739286849064074
-2.73999176434919
-2.7407030871530944
-2.7414208286141037
-2.7420915852950953
-2.7427691520114528
-2.743453535654545
-2.7441447425301937
-2.7448427783547427
-2.745547648251228
-2.746259356745627
-2.746977907763192
-2.7477033046248858
-2.748435550043897
-2.7491746461222464
-2.7499191234667753
-2.7506704572317497
-2.7514286475659153
-2.752193693994095
-2.752965595414273
-2.753744350094779
-2.754529955671573
-2.7553224091456117
-2.7561217068803385
-2.7569278445992524
-2.7577408173835845
-2.7585591702880787
-2.7593843497996127
-2.760216348960124
-2.7610551601608853
-2.7619007751406945
-2.7627531849841747
-2.7636123801201826
-2.764478350320314
-2.7653510846975164
-2.766230571704816
-2.7671167991341425
-2.768009337770658
-2.7689075701078183
-2.7698125054923173
-2.7707241289628652
-2.7716424248927263
-2.772567376989197
-2.7734989682932056
-2.774437181179011
-2.7753819973540326
-2.776333397858761
-2.7772913630668064
-2.778255872685043
-2.7790947534566848
-2.77993542295978
-2.780777827650647
-2.781621913244096
-2.7824676247142732
-2.7833149062956624
-2.7841637014842506
-2.7850139530388534
-2.785865602982589
-2.7867185926045384
-2.7875728624615426
-2.7880015227780848
-2.7884338782909106
-2.7888698451889073
-2.7893093389061203
-2.7897522741271272
-2.7901985647925542
-2.790648124104705
-2.791100864533336
-2.7915566978215507
-2.7920155349918327
-2.792477286352194
-2.792943075701108
-2.793411606447232
-2.7938827869334086
-2.7943565248143547
-2.7948327270634543
-2.7953112999796863
-2.7957921491946687
-2.796275179679836
-2.796760295753744
-2.7972474010894923
-2.797736398722284
-2.7982280540617754
-2.798721754141668
-2.7992170605169115
-2.799713873887615
-2.8002120943560147
-2.8007116214347754
-2.80121235405539
-2.8017141905767082
-2.8022170287935837
-2.8027207659456397
-2.8032252987261526
-2.803730523291049
-2.8042375217365927
-2.8047450110947025
-2.805252886100588
-2.805761040989664
-2.8062693695071133
-2.8067777649175687
-2.8072861200148918
-2.8077943271320693
-2.808302278151216
-2.8088098645136834
-2.809316977230269
-2.809824628169464
-2.810331593757737
-2.8108377639044724
-2.811343028130757
-2.8118472755801025
-2.8123503950292585
-2.8128522748991243
-2.8133528032657624
-2.813851867871493
-2.8143493561360917
-2.8148451551680758
-2.8153394388721606
-2.815825791059641
-2.8163040782681774
-2.816774166517222
-2.817235921319228
-2.817689207690997
-2.8181338901651447
-2.818569832801715
-2.8189968991999104
-2.8194149525099537
-2.819823855445077
-2.8202846090414138
-2.8208699221035456
-2.8214462481002154
-2.8220134650029216
-2.822571450512533
-2.8231200820709095
-2.823659236872633
-2.8241887918768507
-2.8247086238192485
-2.8252186092240983
-2.8257186244164476
-2.826208545534393
-2.8264782125878174
-2.826739781998968
-2.8269931230877665
-2.8272381050570576
-2.8274745970068764
-2.827702467948776
-2.8279215868202288
-2.8281318224990883
-2.8283330438181133
-2.8285251195795533
-2.828707918569793
-2.829171506445297
-2.829629649378337
-2.8300822528907643
-2.830529222724107
-2.8309704648531815
-2.831405885499723
-2.831835391146016
-2.8322588885485342
-2.8326762847515736
-2.833087487100897
-2.8334924032573654
-2.8338908490217776
-2.8342827051279897
-2.834668000079419
-2.835046642914496
-2.8354185430547796
-2.8357836103185083
-2.8361417549341583
-2.836492887553945
-2.8368369192673275
-2.8371737616144683
-2.8375033265996614
-2.8378254351530465
-2.838139973304699
-2.838446973050927
-2.8387463483673008
-2.8390380137601143
-2.8393218842795678
-2.839597875532915
-2.839865903697553
-2.8401258855340537
-2.8403777383991446
-2.8406213802586215
-2.840856729700213
-2.841083548719095
-2.841301913954621
-2.841511745922028
-2.841712965809206
-2.8419054954892182
-2.842089257532722
-2.842264175220326
-2.8424301725548613
-2.84258717427356
-2.842735105860167
-2.8428738935569347
-2.842811325158264
-2.842736958512662
-2.8426507000807666
-2.842552457030319
-2.8424421372486077
-2.8423196493548155
-2.842184902712299
-2.842037807440771
-2.8418782744283977
-2.841706215343809
-2.841521542648008
-2.8412047215051794
-2.8408731593628156
-2.840526753017859
-2.840165400008485
-2.8397889986259495
-2.8393974479263604
-2.8389906477423557
-2.838568498694686
-2.838130902203696
-2.8376777605007235
-2.8372089766393875
-2.836724454506776
-2.836588693440979
-2.836436853335588
-2.8362688675773384
-2.836084670534471
-2.835884197565249
-2.8356673850263747
-2.835434170281294
-2.835184491708408
-2.834918288709159
-2.8346355017160203
-2.8343360722003728
-2.8338487864149204
-2.833350848875222
-2.8328422075816606
-2.8323228117375736
-2.8317926117579546
-2.8312515592779723
-2.8306996071613026
-2.8301367095082837
-2.8295628216638793
-2.828977900225454
-2.8283819030503636
-2.8277749661781284
-2.827156867269985
-2.8265275680201696
-2.8258870314111553
-2.825235221720268
-2.8245721045261107
-2.8238976467147845
-2.8232118164859115
-2.8225145833584593
-2.821805918176363
-2.8210857931139346
-2.8203544580726656
-2.8196116069441315
-2.818857215947958
-2.818091262653631
-2.817313725984884
-2.816524586223872
-2.815723825015147
-2.814911425369406
-2.8140873716670445
-2.8132516496614883
-2.8124042464823216
-2.8115450303520104
-2.8106744546295905
-2.8097921622486357
-2.8088981458885858
-2.8079923996172873
-2.8070749188928272
-2.806145700565162
-2.8052047428775184
-2.804252045467586
-2.803287609368491
-2.8023114370095517
-2.8013235322168226
-2.800324122889347
-2.799312987858955
-2.798290135161179
-2.7972555742281173
-2.7962093158878982
-2.7951513723639154
-2.7940817572738528
-2.7930004856284922
-2.7919075738303007
-2.7908030396718098
-2.7896869023337754
-2.7885594034913863
-2.7874203389088694
-2.786269731936529
-2.785107607303229
-2.7839339911134795
-2.7827489108443118
-2.781552395341939
-2.7803444748182145
-2.7791251808468678
-2.777894546359537
-2.776652605641594
-2.775399276262475
-2.774135049655092
-2.772859622691705
-2.771573035044593
-2.7702753277156122
-2.768966543030779
-2.7676467246346492
-2.7663159174844987
-2.7649741678443025
-2.7636215232785135
-2.7622580326456427
-2.760883628780947
-2.7597652954673837
-2.7586337168694497
-2.7574889672267204
-2.756331121983375
-2.7551602577791328
-2.753976452440024
-2.7527797849690003
-2.751570335536381
-2.7503481854701466
-2.749113417246067
-2.747866114477681
-2.7466991982392663
-2.745519382224166
-2.744326756308433
-2.743121411481066
-2.7419034398325692
-2.7406729345433654
-2.739429989872076
-2.738174701143655
-2.7369071647374064
-2.7356274780748473
-2.73433573960747
-2.7330286796172025
-2.731709778686821
-2.730379138243121
-2.729036860691298
-2.7276830494020947
-2.7263178086988358
-2.724941243844336
-2.7235534610277075
-2.7221545673510352
-2.72074467081596
-2.7193238803101396
-2.7172873586995188
-2.7152380241354446
-2.7131759306424588
-2.7111011329008887
-2.7090136862359615
-2.706913646606843
-2.704801070595587
-2.7026760153960128
-2.7005385388025047
-2.698388699198734
-2.6962265555463176
-2.694052167373401
-2.6919646371639665
-2.689866597393994
-2.6877581241874915
-2.6856392942693637
-2.6835101849533327
-2.6813708741297875
-2.6792214402535706
-2.677061962331705
-2.6748925199110634
-2.6727131930659773
-2.6705240623857964
-2.668326601966828
-2.6661195173440135
-2.6639028907560185
-2.6616768049070703
-2.6594413429542834
-2.657196588494942
-2.654942625553746
-2.6526795385700344
-2.650407412384965
-2.6481263322286743
-2.6458363837074117
-2.6434435866090285
-2.641040567176576
-2.638627397992762
-2.6362041518891446
-2.6337709019335254
-2.6313277214173514
-2.6288746838431165
-2.626411862911775
-2.6239393325101643
-2.6214571666984368
-2.6189654396975213
-2.616654733979275
-2.6143337355264915
-2.6120025426976596
-2.609661254009726
-2.6073099681248686
-2.604948783837332
-2.602577800060293
-2.60019711581279
-2.597806830206695
-2.5954070424337408
-2.5929978517526138
-2.5905793574760976
-2.5880556119584854
-2.5855235990583276
-2.5829834118175388
-2.5804351432927746
-2.577878886543474
-2.5753147346199685
-2.5727427805516614
-2.570163117335272
-2.567575837923144
-2.564981035211646
-2.562378802029624
-2.559768921420895
-2.557151798699258
-2.554527526399194
-2.5518961969423843
-2.5492579026265885
-2.5466127356145973
-2.543960787923296
-2.5413021514128027
-2.5386369177757104
-2.535965178526418
-2.5332870249905644
-2.530696942320647
-2.5280998005741413
-2.525495696740057
-2.522884727565777
-2.520266989546437
-2.517642578914449
-2.515011591629122
-2.5123741233664054
-2.509730269508769
-2.507080125135195
-2.5044237850112916
-2.501761343579548
-2.499091753082921
-2.4964162581001803
-2.493734951983436
-2.491047927723999
-2.4883552779432843
-2.48565709488386
-2.482953470400628
-2.4802444959521432
-2.477530262592073
-2.474810860960798
-2.4720863812771485
-2.469190893396792
-2.466292049540529
-2.4633899265117316
-2.4604846006900027
-2.4575761480245744
-2.454664644027847
-2.4517501637690624
-2.448832781868103
-2.445912572489428
-2.4429896093361503
-2.4400639656442444
-2.437135777392416
-2.4342050530012713
-2.431271864277318
-2.4283362825381207
-2.425398378607203
-2.422458222809083
-2.419515884964463
-2.4165714343855447
-2.4136249398714957
-2.4106764697040592
-2.4077260916432968
-2.4047739356125093
-2.401820004983642
-2.3988643659329307
-2.3959070840993446
-2.392948224581054
-2.3899878519320326
-2.3870260301588226
-2.3840628227174285
-2.3810982925103583
-2.378132501883818
-2.3751655126250393
-2.3721974481288095
-2.3692283062494983
-2.3662581470880912
-2.3632870301773634
-2.3603150144799234
-2.357342158386417
-2.35436851971386
-2.351394155704128
-2.348419123022579
-2.3454434777568296
-2.3424672754156566
-2.3394905709280565
-2.336513480360246
-2.3335359951274657
-2.330558168420296
-2.327580052847141
-2.324601700433972
-2.3216231626242325
-2.3186444902788534
-2.3156657336764286
-2.3126869425135164
-2.309708165905076
-2.3067294523850403
-2.3039709475590664
-2.301210664764816
-2.2984486655740834
-2.295685010953246
-2.2929197612632057
-2.290152976259477
-2.2873847150924296
-2.284615036307669
-2.2818439978465728
-2.2790716570469645
-2.2762980706439375
-2.273684006772248
-2.271068508601827
-2.2684516288758436
-2.265833419831001
-2.2632139331976306
-2.2605932201999694
-2.257971331556554
-2.2553483174807707
-2.2527242276815427
-2.2500991113641615
-2.247473017231251
-2.244115618032785
-2.2407634023431413
-2.2374163725244145
-2.2340745304980545
-2.230737877750956
-2.2274064153415933
-2.22408014390624
-2.220759063665227
-2.217443174429279
-2.2141324756059015
-2.21082696620582
-2.207526644849484
-2.204232041554591
-2.200942616440811
-2.197658367047906
-2.1943792905516744
-2.1911053837707044
-2.1878366431731546
-2.184573064883602
-2.18131464468991
-2.17806137805015
-2.1748132600995564
-2.171570285657519
-2.168332978644803
-2.165100797927635
-2.1618737374705725
-2.1586517909504326
-2.1554349517634472
-2.152223213032431
-2.149016567613984
-2.1458150081057106
-2.1426185268534628
-2.1394271159586067
-2.1362407672852974
-2.133059999526881
-2.1298842711298303
-2.126713573340682
-2.123547897197829
-2.1203872335388594
-2.1172315730079028
-2.114080906062986
-2.1109352229833798
-2.107794513876965
-2.1046587686875826
-2.101527977202393
-2.0984021290592256
-2.095281788389997
-2.0921663634806293
-2.089055843619721
-2.085950217975671
-2.0828494756039744
-2.0797536054545245
-2.0766625963788816
-2.07357643713754
-2.0704951164071588
-2.0674186227877884
-2.06434694481007
-2.0612805433266868
-2.0582189290732438
-2.055162090460052
-2.0521100158563668
-2.0490626935974463
-2.0460201119915813
-2.042982259327082
-2.0399491238792438
-2.03692069391726
-2.0338969577111063
-2.0308779035383817
-2.027864039853953
-2.0248548289793575
-2.021850259305214
-2.0188503192565017
-2.0158549972991864
-2.0128642819467752
-2.009878161766837
-2.0068966253874647
-2.003919661503687
-2.0009472588838184
-1.9979794063757597
-1.995016610801187
-1.9920583374945506
-1.9891045756290202
-1.9861553144817625
-1.9832105434399314
-1.9802702520065996
-1.9773344298066187
-1.9744030665924188
-1.971476152249732
-1.9685536768032579
-1.9656356304222422
-1.962722519057575
-1.9598138117744486
-1.9569094992576634
-1.9540095723579998
-1.9511140220974403
-1.9482228396743022
-1.945336016468304
-1.9424535440455384
-1.9395754141633783
-1.9367016187752926
-1.9338321500355846
-1.930967000304045
-1.9281066755837024
-1.9252506494723165
-1.9223989150220966
-1.9195514655083188
-1.9167082944335427
-1.9138693955317427
-1.9110347627723612
-1.908204390364256
-1.9053782727595692
-1.9025564046574976
-1.8997387810079795
-1.8972416533296852
-1.894745287887607
-1.8922497096884052
-1.8897549438935235
-1.887261015820839
-1.8847679509462338
-1.882275774905119
-1.879784513493892
-1.8772941926713136
-1.8748048385598421
-1.8723164774468846
-1.8696642432493356
-1.8670148417463723
-1.8643682847395584
-1.8617245842545724
-1.8590837525429669
-1.85644580208383
-1.853810745585363
-1.851178595986383
-1.8485493664577215
-1.845923070403554
-1.8432997214626314
-1.8406797612337051
-1.8380627713764932
-1.8354487662799843
-1.8328377605716666
-1.83022976911833
-1.8276248070267798
-1.825022889644457
-1.8224240325599823
-1.8198282516036008
-1.817235562847556
-1.8146459826063563
-1.8120595274369729
-1.8094766398707172
-1.8068969065125482
-1.804320344686865
-1.801746971960272
-1.7991768061413358
-1.7966098652802538
-1.7940461676684394
-1.7914857318380222
-1.788928576561261
-1.7863747208498784
-1.7838241839543
-1.7812774090205648
-1.7787339874336447
-1.7761939391943071
-1.773657284538023
-1.7711240439337959
-1.76859423808291
-1.7660678879175977
-1.7635450145996208
-1.761025639518778
-1.75850978429133
-1.7559974707583486
-1.7534891924561342
-1.750984494986891
-1.7484834008994612
-1.7459859329599459
-1.7434921141496529
-1.7410019676629898
-1.738515516905267
-1.7360327854904432
-1.7335537972387813
-1.7310785761744456
-1.7286071465230206
-1.7261399022058566
-1.7236764942627616
-1.7212169475425367
-1.7187612870846638
-1.7163095381164868
-1.713861726050314
-1.711417876480472
-1.7089780151802818
-1.7065421680989803
-1.7041103613585746
-1.701682621250641
-1.699258974233054
-1.6968398645609548
-1.6944248967642936
-1.6920140978186944
-1.6896074948522983
-1.6872051151422012
-1.684806986110856
-1.6824131353224065
-1.6800235904789782
-1.6776383794169196
-1.6752575301029842
-1.6728810706304749
-1.6705094448420257
-1.668142260851487
-1.6657795471470118
-1.6634213323272515
-1.66106764509727
-1.6587185142644132
-1.65637396873414
-1.6540340375058122
-1.65169874966845
-1.6493681343964504
-1.647042220945261
-1.6447214522823894
-1.6424054396048
-1.6400942124235116
-1.6377878003128419
-1.6354862329059283
-200
-200
-200
-200
-200
-200
-200
-200
-200
-200
-200
-200
-200
-200
-200
-200
-200
-200
-200
-200
-200
-200
-200
-200
-200
-200
-200
-200
-200
-200
-200
-200
-200
-200
-200
-200
-200
-200
-200
-200
-200
-200
-200
-200
-200
-200
-200
-200
-200
-200
-200
-200
-200
-200
-200
-200
-200
-200
-200
-200
-200
-200
-200
-200
-200
-200
-200
-200
-200
-200
-200
-200
-200
-200
-200
-200
-200
-200
-200
-200
-200
-200
-200
-200
-200
-200
-200
-200
-200
-200
-200
-200
-200
-200
-200
-200
-200
-200
-200
-200
-200
-200
-200
-200
-200
-200
-200
-200
-200
-200
-200
-200
-200
-200
-200
-200
-200
-200
-200
-200
-200
-200
-200
-200
-200
-200
-200
-200
-200
-200
-200
-200
-200
-200
-200
-200
-200
-200
-200
-200
-200
-200
-200
-200
-200
-200
-200
-200
-200
-200
-200
-200
-200
-200
-200
-200
-200
-200
-200
-200
-200
-200
-200
-200
-200
-200
-200
-200
-200
-200
-200
-200
-200
-200
-200
-200
-200
-200
-200
-200
-200
-200
-200
-200
-200
-200
-200
-200
-200
-200
-200
-200
-200
-200
-200
-200
-200
-200
-200
-200
-200
-200
-200
-200
-200
-200
-200
-200
-200
-200
-200
-200
-200
-200
-200
-200
-200
-200
-200
-200
-200
-200
-200
-200
-200
-200
-200
-200
-200
-200
-200
-200
-200
-200
-200
-200
-200
-200
-200
-200
-200
-200
-200
-200
-200
-200
-200
-200
-200
-200
-200
-200
-200
-200
-200
-200
-200
-200
-200
-200
-200
-200
-200
-200
-200
-200
-200
-200
-200
-200
-200
-200
-200
-200
-200
-200
-200
-200
-200
-200
-200
-200
-200
-200
-200
-200
-200
-200
-200
-200
-200
-200
-200
-200
-200
-200
-200
-200
-200
-200
-200
-200
-200
-200
-200
-200
-200
-200
-200
-200
-200
-200
-200
-200
-200
-200
-200
-200
-200
-200
-200
-200
-200
-200
-200
-200
-200
-200
-200
-200
-200
-200
-200
-200
-200
-200
-200
-200
-200
-200
-200
-200
-200
-200
-200
-200
-200
-200
-200
-200
-200
-200
-200
-200
-200
-200
-200
-200
-200
-200
-200
-200
-200
-200
-200
-200
-200
-200
-200
-200
-200
-200
-200
-200
-200
-200
-200
-200
-200
-200
-200
-200
-200
-200
-200
-200
-200
-200
-200
-200
-200
-200
-200
-200
-200
-200
-200
-200
-200
-200
-200
-200
-200
-200
-200
-200
-200
-200
-200
-200
-200
-200
-200
-200
-200
-200
-200
-200
-200
-200
-200
-200
-200
-200
-200
-200
-200
-200
-200
-200
-200
-200
-200
-200
-200
-200
-200
-200
-200
-200
-200
-200
-200
-200
-200
-200
-200
-200
-200
-200
-200
-200
-200
-200
-200
-200
-200
-200
-200
-200
-200
-200
-200
-200
-200
-200
-200
-200
-200
-200
-200
-200
-200
-200
-200
-200
-200
-200
-200
-200
-200
-200
-200
-200
-200
-200
-200
-200
-200
-200
-200
-200
-200
-200
-200
-200
-200
-200
-200
-200
-200
-200
-200
-200
-200
-200
-200
-200
-200
-200
-200
-200
-200
-200
-200
-200
-200
-200
-200
-200
-200
-200
-200
-200
-200
-200
-200
-200
-200
-200
-200
-200
-200
-200
-200
-200
-200
-200
-200
-200
-200
-200
-200
-200
-200
-200
-200
-200
-200
-200
-200
-200
-200
-200
-200
-200
-200
-200
-200
-200
-200
-200
-200
-200
-200
-200
-200
-200
-200
-200
-200
-200
-200
-200
-200
-200
-200
-200
-200
-200
-200
-200
-200
-200
-200
-200
-200
-200
-200
-200
-200
-200
-200
-200
-200
-200
-200
-200
-200
-200
-200
-200
-200
-200
-200
-200
-200
-200
-200
-200
-200
-200
-200
-200
-200
-200
-200
-200
-200
-200
-200
-200
-200
-200
-200
-200
-200
-200
-200
-200
-200
-200
-200
-200
-200
-200
-200
-200
-200
-200
-200
-200
-200
-200
-200
-200
-200
-200
-200
-200
-200
-200
-200
-200
-200
-200
-200