1.0068220419000116
1.0067459571578563
1.0066633867634809
1.0065741743037933
1.0064782725075847
1.0063758223524628
1.0062668360828924
1.00615137818003
1.0060295669623482
1.005901575354231
1.0057676307724375
1.005628014100679
1.0054830577444926
1.0053331427814058
1.0051786952443622
1.0050201845420363
1.004859220891072
1.0046964908443334
1.004532719298038
1.0043686631980866
1.004205104842571
1.0040428448970868
1.0038826952415705
1.0037254717661643
1.0035719872294093
1.0034230442850556
1.0032794287745246
1.0031474858426777
1.0030305687909804
1.0029304929578577
1.002849139504371
1.0027884533689335
1.0027503560788393
1.002736922304065
1.002750278709847
1.0027925984525135
1.0028660944143981
1.0029730110600392
1.0031275205436978
1.0033453813177111
1.0036323547797763
1.0039945204510368
1.0044382687061852
1.0049714440592934
1.0056012514907495
1.0063347331047916
1.0071791795027345
1.0081420932177663
1.009231146178707
1.0104358397708861
1.0117070532381662
1.0130422221034916
1.014437710787667
1.0158887177179583
1.0173886722622933
1.0189297413164444
1.0205032797696556
1.0220991926458098
1.0237059091815828
1.0253103781005128
1.0268981343571824
1.0284934239220989
1.0300845960280338
1.0316593033984145
1.0332046409713151
1.0347072439237743
1.036153413949765
1.0375296210921752
1.0388225009695002
1.0400190635030184
1.041106904188455
1.0420744131741289
1.042911596050138
1.0436093182026962
1.0441596368294745
1.0445561325853394
1.0447940338982202
1.0448693526343247
1.0447810093145953
1.0445297583494604
1.044118186697468
1.0435506775857928
1.042833340024345
1.0419736736487615
1.0409806357127804
1.039864709372002
1.0386375186160977
1.0373116274124543
1.0358954503488558
1.0344018123056682
1.0328455655754873
1.0312415351768962
1.029604310139308
1.0279480470026163
1.0262863295374383
1.0246320535169504
1.0229970997172328
1.0213923244353171
1.0198274704889765
1.0183007064367444
1.0168104234662738
1.015365307777996
1.013972554266729
1.0126379169073945
1.0113657786230252
1.0101592375559252
1.0090208336508915
1.0079514917125612
1.0069511852307236
1.0060190565047982
1.0051695119671824
1.0044458336943742
1.0038373158877296
1.0033337406571068
1.00292542240528
1.0026032412844403
1.0023586661534878
1.0021836302588185
1.002070744750486
1.0020132597325777
1.0020050123812623
1.002040366696128
1.002079197065988
1.0021215571216735
1.0021675061760196
1.0022171068972996
1.0022704228347057
1.002327515865409
1.002389353420099
1.0024570122611527
1.0025307999752489
1.00261103833721
1.002698062006338
1.0027916768100766
1.0028921304841483
1.0029998750802578
1.0031153609041297
1.0032390357734935
1.003371344206097
1.0035137157782597
1.0036696485522567
1.0038401325759645
1.0040262045109052
1.004228947379846
1.0044496921689552
1.0046897862002941
1.0049503909149056
1.005232709005443
1.0055379787250431
1.0058674670463388
1.0062224289811859
1.0065905719847172
1.0069712899669865
1.0073637786999694
1.007767018457132
1.0081797230926606
1.0086002956905693
1.009027000463698
1.0094578342095446
1.0098905213372313
1.0103225128088655
1.0107509893808482
1.01117632473515
1.0115968106006876
1.0120095748383464
1.0124116010639435
1.0127997575158088
1.0131702820732988
1.013519985070072
1.0138456617553835
1.0141441335558612
1.0144122908051443
1.0146471359188924
1.0148471886681307
1.0150113465589012
1.015137597095911
1.0152242368545645
1.0152699041227435
1.015273726294371
1.0152351258550714
1.0151538871777772
1.0150302104234201
1.0148647123506644
1.014658419915481
1.0144127332963426
1.0141293793190826
1.0138104943896773
1.013458530969798
1.01307622015142
1.0126657355546143
1.0122295566928852
1.0117711846423891
1.0112941967820104
1.0108021999405143
1.0102987844275324
1.0097874799839224
1.0092718506482787
1.0087552024512008
1.0082406686110859
1.0077311798246569
1.0072285754020034
1.0067328700000353
1.0062466919527322
1.0057723519581914
1.0053118415062978
1.0048668361352027
1.0044387031048903
1.0040289287480173
1.003638498361157
1.0032680204378839
1.002917867714711
1.002588227769682
1.0022909315359922
1.002024228251259
1.0017863867089645
1.0015757079187935
1.0013905364579117
1.0012292704145913
1.0010899225437704
1.0009705123316175
1.000869511790611
1.00078545870017
1.000716958829136
1.0006596693433898
1.000611732808712
1.0005724431011738
1.0005411077590047
1.0005170491132844
1.000499605007029
1.000488270914845
1.0004828619576212
1.000482845316252
1.0004877120231421
1.0004969770825367
1.0005089896015884
1.0005222861579492
1.0005367476854152
1.0005522483022684
1.0005686577910256
1.0005858442200155
1.0006036766427486
1.0006226417391608
1.0006427048529778
1.0006638484460062
1.0006860749447872
1.0007094294789889
1.00073401909551
1.0007599074112197
1.000787185297903
1.0008159710516653
1.00084640997315
1.0008786733536874
1.0009118809684436
1.0009457476516894
1.0009802959995067
1.001015544772612
1.0010515048065731
1.0010880558341235
1.0011251966225871
1.00116290452502
1.0012011319840863
1.0012398034310603
1.0012788126860854
1.0013183095572102
1.0013584470103174
1.0013991021299304
1.0014401257530778
1.0014813436736785
1.001522195486555
1.0015623900873512
1.0016017504929942
1.0016400798946077
1.0016771663291708
1.0017127877093874
1.0017467962839055
1.001779211123494
1.0018098565828935
1.0018385723487742
1.0018652183986265
1.0018900701444635
1.0019133803442295
1.0019349978022436
1.0019548160890812
1.0019727745126108
1.0019888582278593
1.002003095464084
1.0020146208208243
1.0020234175024967
1.0020294937662706
1.0020328788238837
1.002033494564929
1.0020310429029977
1.0020256509373326
1.002017440971655
1.0020065261957705
1.0019930066543217
1.0019769656139002
1.0019591813377489
1.001940030828195
1.001919673647132
1.0018982572695903
1.0018759168952371
1.0018522396672072
1.0018274076363345
1.0018015862338168
1.001774926248785
1.001747566451965
1.0017196364549732
1.0016910154217047
1.0016615465284127
1.0016312781434011
1.0016002541633533
1.001568516224263
1.0015370452288628
1.0015060688184727
1.0014754818366274
1.001445198421771
1.0014151511515474
1.0013852897423086
1.0013556212428532
1.0013262550508617
1.0012972048423943
1.0012684953255786
1.001240159762252
1.0012119854104302
1.0011837988830101
1.0011557062381353
1.001127805937787
1.0011001873672647
1.001072929651725
1.001046100828414
1.001019807263776
1.000994100458964
1.000969020877634
1.0009445983880862
1.0009207837985694
1.0008973923993738
1.0008744621354637
1.0008520206206823
1.0008300866866529
1.0008086719668894
1.0007877824626366
1.0007674851359052
1.0007478098813927
1.0007287673707046
1.0007103690786032
1.0006926299625474
1.000676385355771
1.0006615465058155
1.0006480390625554
1.0006358024093935
1.0006247887752604
1.0006149621656584
1.0006061436726956
1.000598142146296
1.0005909041908718
1.0005843785707913
1.0005785147136776
1.0005726369488832
1.000566567280871
1.0005603490223363
1.0005540105211674
1.0005475651463878
1.0005410114984967
1.0005344387807193
1.0005281477047818
1.0005221562454836
1.0005164763643668
1.0005111153247193
1.0005062904068696
1.0005021879424616
1.0004987569319832
1.000495952959745
1.000493739148841
1.000492087010391
1.0004909771653498
1.0004906768312594
1.0004912253784386
1.00049267616301
1.0004950968594268
1.0004985327932754
1.0005029754218717
1.0005085523665416
1.0005154017456461
1.0005236712144583
1.0005335167756886
1.0005451013758266
1.0005577263747794
1.000571157898576
1.0005853962998983
1.0006004252785343
1.0006162094290223
1.0006326483729817
1.000649667762388
1.0006671675827947
1.0006850208369116
1.0007030726499717
1.0007211398447093
1.000739344766751
1.0007578253884342
1.0007764138659214
1.0007949269955505
1.0008131687068433
1.0008308761166675
1.0008478249896393
1.000863808534668
1.0008786195690955
1.0008920544693092
1.0009039171563514
1.000914055005879
1.0009223979265354
1.0009288134852479
1.0009331929415748
1.00093545404694
1.0009356773716769
1.0009339564992348
1.0009302669073625
1.0009246196877375
1.000917061105831
1.0009076715028538
1.000896562950398
1.0008835550495816
1.0008687723970604
1.0008523589937754
1.000834474434231
1.0008151982048008
1.0007944452493862
1.0007724438568917
1.0007494163435713
1.0007255753943158
1.0007011206756673
1.0006762357958217
1.0006514191913185
1.0006269718808445
1.0006030821756042
1.0005799210360202
1.0005576416123594
1.000536137408349
1.0005155577673976
1.0004960323597436
1.0004776723475008
1.0004605720426685
1.00044481078237
1.00043033788942
1.0004170759856585
1.000405037486371
1.000394224759573
1.0003846319349405
1.0003770036868334
1.0003714720192352
1.000367894713314
1.0003661398771277
1.0003660858327328
1.0003676207463306
1.0003709801398586
1.0003771271143853
1.0003861684771664
1.000398236358024
1.000413487621013
1.0004318115837225
1.000453161549409
1.0004778345397318
1.0005061401030912
1.0005383992014685
1.0005749429188586
1.0006161106245346
1.0006614718864109
1.000711269649564
1.0007657390910847
1.000825105015437
1.0008895512371676
1.0009591945689635
1.0010342265227288
1.0011148158958767
1.0012011062553445
1.0012932135636903
1.0013912240008886
1.0014941884140596
1.0016016530710272
1.0017134032797608
1.0018291699169917
1.0019486291463782
1.0020716832703118
1.0021978609375468
1.0023266413955552
1.0024574565206001
1.0025896936772243
1.0027226994037595
1.0028555004363329
1.0029870524352822
1.003116526014724
1.0032430652019895
1.0033657943041254
1.0034835339922559
1.0035953332902003
1.003700349424447
1.0037977460012746
1.0038867014460737
1.0039664173067868
1.0040366006164
1.0040980170204097
1.0041502567514056
1.0041929889823669
1.0042259683052228
1.0042491423476236
1.004262539903568
1.0042661740352234
1.0042601599581016
1.0042447150199747
1.0042201572660372
1.0041868988349518
1.004144241116134
1.0040926121611924
1.0040325046122829
1.0039644673246293
1.003888800884669
1.0038052948830707
1.0037147587710415
1.0036180023527645
1.0035158261618775
1.0034090120085957
1.0032983138755787
1.0031849391060546
1.003069790410859
1.0029535875862872
1.0028370022236894
1.0027206532318487
1.0026057810964637
1.002492799768176
1.002382071711922
1.002273906961063
1.0021685632310071
1.0020662470413713
1.0019670990068958
1.0018712112975652
1.0017786474695565
1.0016894321227876
1.0016035554958589
1.0015218548436136
1.0014444440861254
1.001371099591943
1.0013015984062923
1.0012357217980716
1.0011732584108575
1.0011140119987954
1.0010578091997064
1.0010044777403326
1.0009538606290505
1.0009058167344995
1.0008604684115014
1.0008179214939565
1.0007780197565523
1.0007406270882417
1.0007056255962181
1.000672913488756
1.0006424033091668
1.000614311855412
1.000588613083914
1.0005652920719807
1.0005443430851646
1.0005253535451553
1.0005071380813633
1.0004899196790908
1.000473902099289
1.0004592703482222
1.0004461913895195
1.0004348150472837
1.0004247711796506
1.000415941209929
1.0004083292155144
1.0004019171205536
1.0003966688937116
1.0003935791528358
1.0003924309003065
1.0003930032802593
1.0003950716498495
1.0003984076380963
1.0004027792250412
1.000408134732661
1.0004144442350882
1.0004215198599082
1.000429176401922
1.0004372320763368
1.0004450816535357
1.0004524682257623
1.0004592941929604
1.0004654620428712
1.0004708760921992
1.0004754442756048
1.0004791317762547
1.0004820213974817
1.0004840721653239
1.0004852563688649
1.0004855610054937
1.0004850036234734
1.000483616555848
1.0004814333891296
1.0004785058179215
1.0004749035438865
1.0004707138172773
1.0004660405675454
1.0004607331491473
1.000454887412607
1.0004486078199355
1.0004420053273044
1.0004351906976046
1.0004282684219468
1.0004213571026892
1.0004145720689794
1.00040802304008
1.000401811919589
1.00039603077402
1.0003910752926688
1.000387162074374
1.000384407295834
1.0003829178675436
1.000382790604944
1.000383857009792
1.0003862283498461
1.0003900031238797
1.0003952678930952
1.00040209830123
1.0004105602373565
1.0004205761126506
1.00043204196963
1.0004449624024927
1.0004593335527505
1.0004751441737034
1.0004928166537972
1.0005124160349748
1.0005338439201903
1.0005570053701411
1.000581808841036
1.000608165974208
1.000635951540015
1.0006649597421409
1.0006950868638824
1.0007262283351885
1.0007582781032067
1.0007909674749582
1.0008240467300544
1.0008574417989755
1.0008910710838046
1.0009248456157238
1.0009586693867114
1.0009924390657516
1.0010257700085885
1.0010585100502056
1.0010904991884308
1.0011215706038656
1.0011515065610084
1.0011800007653464
1.0012068964403325
1.001232032940747
1.0012552474679055
1.0012763768210518
1.001295259154175
1.0013119164874176
1.0013262795980744
1.0013382370089552
1.0013476885286479
1.001354546762457
1.0013589742739233
1.0013608819722215
1.0013602000141066
1.0013568782631164
1.0013508865134568
1.0013422144795299
1.0013309972136923
1.001317405504718
1.0013015232733975
1.001283455618672
1.0012633278349443
1.0012410089014938
1.001216604810883
1.0011903376470985
1.0011624389945113
1.0011331483825225
1.0011027116130937
1.001071414271264
1.001039619098467
1.0010075998815153
1.0009756311479252
1.000943986259881
1.000913053385541
1.000883200580108
1.0008546571557386
1.0008276469539543
1.0008023864388982
1.0007790828943492
1.0007579327580027
1.0007391267416719
1.0007228360859104
1.0007092172063359
1.0006984107124028
1.0006905753132262
1.0006859156328423
1.0006845035819143
1.000686395201776
1.0006916305616425
1.0007002338364064
1.0007122135563575
1.0007269214859602
1.0007440337870408
1.0007633866140195
1.0007847908266445
1.0008080333252394
1.0008331176110132
1.000859751858572
1.0008876261863606
1.0009164139925846
1.0009457735080012
1.0009753495661664
1.0010050646050532
1.001034871507405
1.0010644724626745
1.0010935735246695
1.0011218875384946
1.0011489792286439
1.001174552600179
1.0011983838323002
1.0012202648087942
1.0012400059599595
1.0012574388996884
1.0012724463651577
1.0012849955574783
1.0012950103954363
1.001302444960281
1.0013072844000193
1.0013094356133998
1.0013088521779365
1.001305640021753
1.0012999319470397
1.0012918862693854
1.0012816850066282
1.0012695316507882
1.0012554683951544
1.001239708327887
1.0012224748167726
1.0012039980575125
1.0011844807193586
1.0011640684657
1.0011430062984943
1.001121530446757
1.0010998653237573
1.0010782207594027
1.0010567895614926
1.0010360731012575
1.0010163796718377
1.000997906013883
1.0009808323130793
1.0009653219876034
1.0009515160430997
1.0009395459501322
1.0009295277644557
1.0009215631566173
1.0009157406354068
1.0009121369101912
1.0009106684289917
1.000911221315233
1.0009138014871115
1.0009184045667074
1.0009250170260657
1.0009341774945577
1.000945969715131
1.0009602687232693
1.000976953462467
1.000995906574342
1.001017014034414
1.0010402414685726
1.0010657175154485
1.0010933784594105
1.001123165801916
1.0011550257380444
1.0011886562288554
1.0012237925533622
1.001260454326154
1.0012986573193754
1.001338413601499
1.0013797317668511
1.0014226180665122
1.0014673880848217
1.0015140860353389
1.0015627585940827
1.0016134555104546
1.0016662060938692
1.0017209988880202
1.0017779080866078
1.0018370113090032
1.0018983897755607
1.0019621283188254
1.002028315217731
1.0020955032234145
1.0021630641391628
1.0022307860631492
1.0022984290409331
1.0023657233987504
1.002432525636468
1.0024984820258274
1.0025632078320517
1.0026262868065394
1.0026872711712829
1.0027456821653071
1.0028019406233475
1.0028565624881727
1.0029092578087244
1.0029597403863708
1.0030077322746478
1.0030526824804973
1.0030942861250296
1.0031323659171278
1.0031667683013699
1.0031973689540354
1.0032240780300308
1.003246598268084
1.00326415400628
1.0032766448427106
1.0032840067192335
1.003286213439686
1.0032834082570137
1.0032757560499437
1.0032633122428625
1.003246170960993
1.0032244619829451
1.0031983469316745
1.0031680151492388
1.0031339713368148
1.0030964849516222
1.003055840853993
1.0030123337015426
1.0029661952977773
1.0029175340316125
1.0028666750439506
1.0028139290146814
1.0027595883153428
1.0027039238072555
1.0026471823421583
1.0025906897732073
1.0025351617278635
1.0024809867229998
1.0024285474533239
1.0023782215526023
1.002330111708004
1.002284628863378
1.0022421816433595
1.0022031785356187
1.0021680298715552
1.0021371494782545
1.0021103464140406
1.0020873508712633
1.0020684132548239
1.0020537716723046
1.0020436502384868
1.0020396006251655
1.0020420791710196
1.0020510386151145
1.0020664300956748
1.0020881982157441
1.002116276071546
1.0021505295100983
1.0021906946188426
1.0022366130405493
1.0022880950475401
1.0023449166463758
1.0024060058268018
1.002470365150455
1.0025378590877132
1.0026082937650376
1.0026814201762635
1.0027569383721708
1.0028345025330383
1.0029142738623673
1.002995909694198
1.0030790482270455
1.0031633161869058
1.0032485519382324
1.0033349951525858
1.0034221745367424
1.0035096482353527
1.0035970094057833
1.0036838910819403
1.0037699702346774
1.0038543257491845
1.0039364249648721
1.0040159625549794
1.004092672018207
1.004166324526898
1.004236471827585
1.0043029893123467
1.0043657800973067
1.0044247719354384
1.0044799137975022
1.0045311722417214
1.0045788534318976
1.004623315310973
1.004664650287691
1.0047029632367026
1.0047383687748321
1.0047700240200694
1.0047978619070463
1.0048221678047018
1.0048432126899483
1.0048612534461963
1.0048765335566618
1.0048889738083036
1.0048978332222023
1.0049031460059596
1.004904921174517
1.0049031436878875
1.0048983080008091
1.0048908167526256
1.0048804592357163
1.0048670203606094
1.0048502811905264
1.004830019453994
1.004806014091484
1.0047797392553706
1.0047512045835139
1.004720442291236
1.0046875086368525
1.0046525297163331
1.004615741255633
1.0045772565086692
1.0045372195817963
1.0044958058887918
1.004453222340185
1.0044097072337623
1.0043658534943256
1.0043221125564112
1.0042788774710945
1.004236574687518
1.004195662105943
1.0041561488433464
1.0041186099560333
1.0040836365109571
1.0040518317788556
1.004023807109728
1.0040001773744183
1.003981154314177
1.0039668893990326
1.0039578595962024
1.0039545128517928
1.0039572621830823
1.003967043463326
1.0039842980422984
1.0040092110776917
1.0040419224176493
1.004082522355882
1.0041310481815002
1.0041872812326427
1.00425052094836
1.004320519718482
1.0043969614814203
1.0044794628906248
1.0045672911236343
1.004659692351398
1.004756169255608
1.0048561651070826
1.0049590704444458
1.0050642304898705
1.00517095415487
1.0052796007211968
1.0053895805182305
1.0055003076563005
1.0056112093497243
1.0057220059316396
1.0058329433006519
1.0059434036462298
1.006052829206954
1.0061607275128297
1.0062666755926601
1.0063703230882566
1.0064711362906755
1.0065687930285991
1.0066631163950617
1.0067539982912066
1.0068413932829023
1.0069238370203442
1.0070016026829847
1.0070749960195153
1.0071443508188713
1.0072100239273791
1.0072723899193206
1.0073313181558654
1.0073866124680517
1.0074385149470666
1.0074872484282682
1.0075330108519422
1.0075756874610065
1.0076153553559482
1.0076521549188835
1.007686180493439
1.0077174787248941
1.0077460478555682
1.0077720647314776
1.00779614511885
1.00781827767872
1.007838422065594
1.0078565131387687
1.0078728165866206
1.0078875352667094
1.0079004736613446
1.0079114421105937
1.007920261954393
1.00792677052822
1.007930825880523
1.0079322877770434
1.007931064842571
1.007927097394066
1.007920359900561
1.0079110376974454
1.0078996764878474
1.0078862717425072
1.007870864459437
1.007853539024875
1.0078344203064373
1.0078136700582254
1.007791932565358
1.007769640671088
1.0077471296838814
1.0077247610769466
1.0077029163916627
1.0076810504999583
1.007659694922402
1.0076393733111215
1.0076205972558288
1.0076038623948502
1.0075896448768313
1.0075782522386363
1.007569947847561
1.0075650894522872
1.007564001109327
1.0075669716030569
1.0075744785866998
1.0075867828046428
1.0076040260608634
1.007626316784693
1.007653730214235
1.0076863088995742
1.0077240087411494
1.0077666397835343
1.0078141212165697
1.0078663411987008
1.0079231584847004
1.0079848560971478
1.008051632164671
1.008123157198949
1.0081990926223012
1.0082790924054
1.0083628047915376
1.0084498739850603
1.0085398856599428
1.008632474090833
1.0087272746990816
1.0088239260737952
1.0089218739952681
1.0090202007741562
1.0091186674550248
1.0092170356100798
1.0093150699149211
1.0094125406368184
1.009509225992444
1.009604914336021
1.0096994061437514
1.009792515765972
1.0098840729245555
1.0099739239394498
1.0100619530321069
1.0101480396267395
1.0102320820020363
1.0103139973942683
1.0103937218283747
1.0104712097077646
1.0105465118148527
1.010619706427356
1.0106908216032071
1.0107599024135672
1.010827009757334
1.0108918262166164
1.0109543629396436
1.0110147829374116
1.0110732526725856
1.0111299410430723
1.011185018376553
1.0112381160204233
1.0112877193325585
1.0113336887865858
1.0113758524534653
1.0114140043065376
1.011448030374883
1.0114777622818827
1.0115028541627955
1.01152292687023
1.0115375684200176
1.0115463350363216
1.0115487541812684
1.0115463349963618
1.011538832682124
1.0115260091686102
1.011507638215073
1.0114835586212036
1.0114537194999977
1.0114179389845397
1.0113760717671463
1.011328014304099
1.011273709670085
1.011213151923355
1.0111489359167973
1.0110823718711062
1.0110141364908365
1.0109450156091029
1.0108759054589938
1.0108078613930318
1.010741990435231
1.010679503757535
1.0106217106821958
1.010570010819644
1.01052588439104
1.0104889391060243
1.0104585666608272
1.0104358438552348
1.010421818997357
1.0104174939786132
1.010423806273266
1.0104416112467913
1.01047166516671
1.0105146093084783
1.0105709555372244
1.0106410737235312
1.0107253920116577
1.010824630420236
1.0109388013858112
1.0110677609594663
1.0112112096117727
1.011368627225127
1.0115393575735814
1.0117226843786058
1.0119177648611328
1.012123643721836
1.0123392690439748
1.0125635097581973
1.012794380662539
1.0130305372950639
1.0132706032435594
1.013513188824317
1.013757380955271
1.014003162957444
1.0142489759240243
1.014493341846127
1.0147348755396097
1.0149722945839248
1.0152044271697693
1.0154304841976205
1.0156496547702099
1.0158611779247013
1.016064418663718
1.0162588646110762
1.0164423687340798
1.0166148837348699
1.016776446270484
1.0169271708950298
1.0170672432901335
1.0171969129847667
1.0173169301603155
1.0174281511425398
1.0175311010175163
1.0176263506425114
1.0177145097475326
1.0177939967410374
1.0178650297704752
1.017928653009717
1.0179858863519962
1.0180377228796686
1.0180851267478475
1.0181287132678298
1.018168395984437
1.0182048615068469
1.0182387439627372
1.0182706233192937
1.0183027196733272
1.0183369752426552
1.018373380062007
1.018411910417577
1.0184525252807168
1.0184951629751184
1.0185397400036085
1.0185871109497253
1.0186372716632133
1.0186902018894475
1.0187458649945444
1.0188040242711134
1.0188640826247022
1.0189260521558277
1.0189899232728503
1.0190556677753704
1.019123242338897
1.019192592293883
1.0192635176700842
1.0193358881311168
1.0194096112272073
1.0194845962597214
1.019560757704025
1.0196387113533536
1.0197183008467425
1.0197993916690982
1.0198818727008758
1.019965656538846
1.0200506792097668
1.0201370063192112
1.0202247391149326
1.0203139079733243
1.0204045632280674
1.02049677260475
1.0205903857316523
1.0206854504339733
1.0207821060228515
1.020880493017234
1.0209807503500177
1.0210830127276043
1.0211871931494065
1.0212927382879855
1.0213996336784137
1.021507840672598
1.021617294929682
1.021727517277707
1.021838055952021
1.0219488607940943
1.0220598445472313
1.0221708844671789
1.0222818243997818
1.0223924776419788
1.0225034796157915
1.0226147094816427
1.0227260368033637
1.0228373255713874
1.0229487160923558
1.0230608607234906
1.0231734908742987
1.0232863629143996
1.0233992606541467
1.0235119974753262
1.0236244180773122
1.0237367902268573
1.0238492095614147
1.02396169921418
1.024074323613131
1.024187186521996
1.024299589997325
1.0244118280855814
1.024524219622262
1.0246371063445716
1.0247508505176575
1.0248658320971045
1.0249813300253285
1.0250964765345136
1.0252113556191287
1.025326022431981
1.025440498112447
1.0255548853199354
1.0256691469408612
1.0257831550840477
1.0258967332415245
1.0260096536328547
1.026121635444993
1.0262328741145252
1.026344651486748
1.0264568322596206
1.0265692612265283
1.0266817677200932
1.0267940773451896
1.0269059238962868
1.0270171469437315
1.027127592112441
1.0272371180437299
1.0273456033183794
1.0274529473427274
1.0275572075857113
1.0276580965540298
1.0277553439018816
1.0278486994937148
1.0279381234667824
1.0280239485527713
1.0281059000796917
1.028183737417136
1.0282572520839315
1.0283262650693592
1.0283906234857103
1.0284499028437644
1.028503852827123
1.0285523156156806
1.0285951369221353
1.0286321612196332
1.0286624855839173
1.0286860382172656
1.0287027256993633
1.0287124315470646
1.0287150156719247
1.0287103147722527
1.0286992365206553
1.0286828117185565
1.0286611387209468
1.0286343338365345
1.0286025365959452
1.0285655742273667
1.0285235798824308
1.0284768497298513
1.028425717977452
1.028370561359239
1.028311802795963
1.0282495239274343
1.028183034201717
1.028112684226152
1.0280388525375812
1.0279619425928
1.0278833527977644
1.0278043712485132
1.0277252064374534
1.0276460956091877
1.0275672957104338
1.0274890739544746
1.0274116996240903
1.0273362682476133
1.0272631385550142
1.0271926547595023
1.0271251393709617
1.0270604240181394
1.0269974368445252
1.0269366379545464
1.0268784223576093
1.0268231200288762
1.0267709972503174
1.0267222591382135
1.0266770106199665
1.0266353260923011
1.0265972436768829
1.026562758689827
1.0265318348800236
1.0265060416917877
1.0264850688090668
1.026468610813113
1.0264563716224744
1.0264480684095814
1.0264434349134686
1.0264434692299969
1.0264493604523361
1.0264612703973883
1.0264794188489157
1.0265040843045783
1.0265358603440033
1.0265751919355566
1.0266224872279672
1.0266782106383878
1.0267428785124295
1.026817053965153
1.0269016109990996
1.0269980334396043
1.0271071414315238
1.0272297898220242
1.0273668606396316
1.0275183007244684
1.027684201363655
1.0278657120499455
1.0280639507434253
1.02827999676741
1.0285148837627147
1.0287695930676903
1.0290467677947481
1.029347504817895
1.0296728529053303
1.0300238077167854
1.0304016477659463
1.030808215454851
1.031244148057188
1.0317100309205633
1.0322063929373249
1.032733702411638
1.0332923633730258
1.0338751592529907
1.0344787788651244
1.0351019012970664
1.0357429888257472
1.0364002815441886
1.0370710676958947
1.037753238501778
1.0384444557043606
1.0391421580967377
1.0398435710310756
1.0405457189937464
1.0412499983196783
1.0419582868569066
1.0426684534517567
1.043378375523284
1.0440859696234122
1.0447892601911812
1.0454863445510483
1.0461754410343993
1.0468549340166884
1.047523403356396
1.048179651669261
1.0488209525795817
1.0494411363590477
1.0500387993628613
1.0506127373702316
1.051161950275331
1.0516845551272447
1.052179015591557
1.0526451981440195
1.053083121355613
1.0534929423331973
1.0538749400735015
1.054229480759955
1.054551565448202
1.054840949526352
1.0550973483530897
1.0553204120409014
1.055509466110497
1.0556632874698917
1.055781319714221
1.0558628523895501
1.0559070125205674
1.0559127610828842
1.0558788946675177
1.055812139396082
1.0557147816104717
1.05558680379076
1.05542823445951
1.0552391770327296
1.0550183378154079
1.054766260011564
1.0544836345770394
1.0541713310755276
1.0538304260477849
1.0534622278524879
1.053068095987196
1.0526496307214228
1.052208877281283
1.0517481541297586
1.0512700485996624
1.0507840020483268
1.0502944391524716
1.0498036020705945
1.0493140326127939
1.0488285285670487
1.0483500953515645
1.047881520314006
1.0474249026611815
1.0469833378380036
1.046559891073995
1.0461575426575171
1.0457751560322368
1.0454119199219052
1.0450712483413114
1.0447561821555589
1.044469364178235
1.0442130211576899
1.0439889554012618
1.0438004053395096
1.043648573954453
1.043534271906135
1.0434579341157446
1.043421192894174
1.0434281750764043
1.0434775593217926
1.0435678434813755
1.0436973746992517
1.0438643805704007
1.0440670006156338
1.0443007914417253
1.0445626175546123
1.0448500299366403
1.0451605593142532
1.0454917520975102
1.0458459298550504
1.0462200631495164
1.046611242186563
1.047016684565409
1.0474337402685086
1.0478598941628727
1.0482941394889256
1.048735791868354
1.0491831389760105
1.0496346339660068
1.0500888917668791
1.050537622003047
1.0509783476186454
1.0514112682838384
1.0518366027306552
1.0522545917886041
1.0526655016750708
1.0530703230640928
1.0534715642234056
1.0538699862900252
1.0542664272025732
1.0546618049055883
1.0550572949708295
1.0554541313187409
1.0558534353263915
1.056256412344043
1.0566643470588488
1.057078597019536
1.0575005843316594
1.0579248792291738
1.0583520337224568
1.05878253397944
1.0592167825274936
1.059655407299183
1.060099519488062
1.0605490038500043
1.0610036140256898
1.0614629586566287
1.061926489783553
1.0623934939580717
1.062863916784849
1.0633370934788162
1.0638119596745423
1.0642872991229488
1.0647617504607112
1.0652321920608512
1.0656972333333616
1.0661553656588838
1.0666049853266566
1.0670444187151966
1.0674719491603957
1.0678879026130372
1.0682929129513397
1.068685908908005
1.0690659462312744
1.069432235114791
1.0697863709498228
1.0701283873757925
1.0704577400502049
1.0707741550841339
1.071077635401644
1.0713684622705217
1.0716468616568529
1.0719126348934764
1.072166671700113
1.0724100803811731
1.0726441661464887
1.0728692068774717
1.0730857842170247
1.0732959297225086
1.0735017259350224
1.0737052763322341
1.0739086752500064
1.07411397281735
1.0743209972028596
1.0745313406354957
1.0747464477419215
1.074967593178543
1.075195255134078
1.0754285747357746
1.0756685267856068
1.07591583099323
1.0761709512795143
1.0764340993081944
1.0767052420611811
1.0769828883745545
1.0772659784554426
1.0775535818323239
1.0778445647432915
1.0781376122383517
1.0784372837151988
1.0787411884849847
1.0790469126748972
1.0793520412166455
1.0796541791456582
1.0799509723728704
1.0802410904828392
1.0805234104280448
1.0807960978363345
1.0810574586006374
1.0813059538416032
1.0815394875494624
1.0817567197866416
1.0819567612005312
1.0821389020492902
1.0823026161719722
1.0824475624743644
1.082574246884316
1.0826847589632707
1.082779675765915
1.0828597784923093
1.0829260437300683
1.0829778354566242
1.0830149179621467
1.083039225599913
1.0830527851470269
1.083057701145013
1.0830561401445078
1.0830503104894549
1.0830393286297475
1.0830250066899914
1.083009105280763
1.0829933139550567
1.0829795207785595
1.0829700318002144
1.082966069387216
1.0829687317452366
1.0829789787163155
1.0829976196502409
1.083025303588331
1.0830654428592688
1.0831197298937922
1.0831888868654451
1.0832735180532906
1.0833741195983568
1.0834929623263816
1.0836300873147608
1.0837854745392208
1.08395905276306
1.0841507102509527
1.084360305978168
1.084586695878634
1.0848285928129853
1.0850855456362132
1.0853570890751383
1.0856427516276042
1.0859431320259056
1.086257978152761
1.0865866644350233
1.0869285967708282
1.0872832125051275
1.0876499789974043
1.0880280246542806
1.0884157178706504
1.0888123855367762
1.0892173476195683
1.0896299109308059
1.090048522136481
1.090471718922091
1.0908989411119974
1.0913295723661023
1.091762938870191
1.0921983094453278
1.09263489717432
1.0930703115483815
1.0935034476774042
1.0939331380372876
1.0943581590419702
1.094776660558989
1.0951856860653884
1.0955841921724092
1.0959710893348684
1.0963452563579619
1.0967055553824416
1.0970508470430278
1.0973784393975827
1.0976864915982778
1.0979736337793853
1.0982385216355985
1.0984798508542466
1.0986990882607142
1.0988946742272865
1.09906515171583
1.0992091712184346
1.0993254945493334
1.0994129975766365
1.0994706273260872
1.09949744185516
1.0994926534605478
1.0994555896266298
1.0993856919753076
1.0992799551227972
1.0991375284726013
1.098958595564394
1.0987434016455087
1.098492254122629
1.0982055228861314
1.0978852921873585
1.0975371730222552
1.0971626605383984
1.0967634025973343
1.0963412011108955
1.0958988722558347
1.095439270700651
1.0949644405002736
1.0944765916083454
1.0939780907264254
1.0934714499484848
1.0929593219568792
1.0924482129373165
1.091941506791319
1.0914427179602708
1.0909554714257201
1.090483800466906
1.090032400496251
1.0896049253564917
1.089205057570485
1.0888364788683726
1.08850283988077
1.0882077293965982
1.087951494742321
1.0877360297172214
1.0875639252069815
1.0874375320257776
1.087358933091384
1.0873312729534252
1.0873558504713856
1.087433649687621
1.087565324987025
1.0877511900281758
1.087991211184885
1.0882852567180648
1.088632882132015
1.0890330932176355
1.089484576391273
1.0899857155609611
1.0905359807972965
1.091133496565999
1.0917756597688706
1.0924596927081909
1.0931826742186384
1.0939415723249024
1.0947319650209786
1.095546603671367
1.096381576407843
1.097232921454798
1.0980966564802503
1.0989688458172693
1.0998455826273865
1.1007229764262962
1.1015972201719908
1.1024646111163423
1.1033215694621168
1.1041646572477806
1.1049933450044411
1.105804898110277
1.106596796181158
1.1073667425581517
1.1081112292077782
1.1088243494871912
1.109505239916229
1.110153202078564
1.1107677079174731
1.111348403661606
1.1118951123369898
1.1124078723833033
1.1128868798209357
1.1133324958548716
1.1137452542226234
1.114125848373022
1.1144718703954455
1.114784761873826
1.1150660616423258
1.1153173971760841
1.1155404746888102
1.1157370679985033
1.1159099875514211
1.1160622226273822
1.1161959607916427
1.1163134306272455
1.1164168874193685
1.1165113484352216
1.1165996261696873
1.116683527625765
1.1167648751955448
1.1168454892683586
1.1169271714556643
1.1170104667844256
1.117093251993709
1.117176479647132
1.117260958659262
1.1173473417098985
1.1174358956899562
1.117526743095313
1.1176200699115848
1.1177158737587107
1.1178139641001223
1.1179139650531997
1.1180153207459118
1.1181191537251838
1.1182248340468737
1.1183316068741038
1.1184386085314426
1.1185460297107133
1.11865610752637
1.1187671768170084
1.1188775982618195
1.1189857742148708
1.1190901643707596
1.1191893010083953
1.1192846032484036
1.1193761007258192
1.1194631860111355
1.1195454285208344
1.119622582802353
1.1196921932823014
1.1197547267082677
1.119810819415777
1.1198612785991153
1.119907080496984
1.1199493654258663
1.1199906342552046
1.1200336878266277
1.120080450070239
1.120132992679325
1.1201935168691017
1.1202642999557266
1.1203477317069641
1.1204462757751
1.120562431785442
1.1206987091586589
1.120857600635107
1.1210405594783608
1.1212468764370258
1.1214782726588484
1.1217362973713636
1.122022304810985
1.1223365768262774
1.1226792748778354
1.1230512700158
1.1234531531512448
1.123885229781574
1.1243475185840592
1.1248397522773879
1.1253606210473786
1.1259092055331905
1.1264843210419853
1.1270845339283908
1.1277092481654034
1.128359658805908
1.129033169758995
1.1297270863864448
1.1304386398088275
1.1311650121695747
1.1319033624783466
1.1326495558855791
1.1334001731792684
1.134152199395742
1.1349026732090446
1.1356487092285477
1.1363859026940408
1.1371117910487394
1.1378240238861468
1.1385203785222298
1.1391987744467265
1.1398572854945144
1.1404965050622822
1.1411175151220836
1.1417195924555297
1.1423022596482444
1.142865287463127
1.143406249415379
1.143924926689081
1.1444222119748861
1.1448991866790368
1.145357113437916
1.1457974265118425
1.1462210384385805
1.1466275602314269
1.1470184741753942
1.1473953389933975
1.1477597705889526
1.148112370027778
1.148453904118015
1.1487862972863037
1.1491114217541587
1.1494310794144347
1.1497469845691393
1.150060747941741
1.1503740751147642
1.150688356656536
1.1510048434577236
1.1513246377707909
1.151649556747193
1.151982850995406
1.1523247081355914
1.1526752012600727
1.153034288895737
1.1534018172246767
1.153777524498561
1.1541651606048744
1.1545662141002622
1.1549809702113076
1.1554097203255287
1.1558527776050693
1.1563111568955449
1.1567851648628893
1.1572751776577006
1.1577816512067491
1.1583051295694418
1.1588462510220217
1.159404864199546
1.1599807917331748
1.1605747037886227
1.1611873369207342
1.161819485523462
1.1624731232851926
1.163149351139678
1.1638488809970795
1.164572445967198
1.165320781119905
1.1660946035683024
1.166894477487326
1.167720662589662
1.1685736376024087
1.1694537807907184
1.170361354123534
1.1712944326681305
1.1722512303127566
1.1732320966670182
1.1742371728967733
1.1752663934846392
1.1763194912540333
1.1773960055063155
1.178492196366298
1.1796068157632495
1.1807384219066384
1.1818853936191887
1.1830465441769327
1.1842216495404885
1.1854083657826868
1.1866042835499957
1.1878069485948544
1.189013882379224
1.1902226024708413
1.1914291671462551
1.1926309387383118
1.1938253127153386
1.1950097343098114
1.196181714016476
1.1973386559934223
1.1984782683731068
1.1995983621922812
1.200696862539038
1.20177181850373
1.2028214119398057
1.2038439650482298
1.2048379468035335
1.2058019782411773
1.2067348366255162
1.20763545851592
1.208499349664965
1.2093250433119958
1.2101125371157964
1.210861927089862
1.2115734097134092
1.2122472831311515
1.2128839473747584
1.2134839035585563
1.214047752023464
1.2145761894256892
1.2150700047896212
1.2155308495545196
1.215960355832365
1.2163593647635849
1.2167288054287306
1.2163593647635849
1.2163593647635849
1.2163593647635849
1.2163593647635849
1.2163593647635849
1.2163593647635849
1.2163593647635849
1.2163593647635849
1.2163593647635849
1.2163593647635849
1.2163593647635849
1.2163593647635849
1.2163593647635849
1.2163593647635849
1.2163593647635849
1.2163593647635849
1.2163593647635849
1.2163593647635849
1.2163593647635849
1.2163593647635849
1.2163593647635849
1.2163593647635849
1.2163593647635849
1.2163593647635849
1.2163593647635849
1.2163593647635849
1.2163593647635849
1.2163593647635849
1.2163593647635849
1.2163593647635849
1.2163593647635849
1.2163593647635849
1.2163593647635849
1.2163593647635849
1.2163593647635849
1.2163593647635849
1.2163593647635849
1.2163593647635849
1.2163593647635849
1.2163593647635849
1.2163593647635849
1.2163593647635849
1.2163593647635849
1.2163593647635849
1.2163593647635849
1.2163593647635849
1.2163593647635849
1.2163593647635849
1.2163593647635849
1.2163593647635849
1.2163593647635849
1.2163593647635849
1.2163593647635849
1.2163593647635849
1.2163593647635849
1.2163593647635849
1.2163593647635849
1.2163593647635849
1.2163593647635849
1.2163593647635849
1.2163593647635849
1.2163593647635849
1.2163593647635849
1.2163593647635849
1.2163593647635849
1.2163593647635849
1.2163593647635849
1.2163593647635849
1.2163593647635849
1.2163593647635849
1.2163593647635849
1.2163593647635849
1.2163593647635849
1.2163593647635849
1.2163593647635849
1.2163593647635849
1.2163593647635849
1.2163593647635849
1.2163593647635849
1.2163593647635849
1.2163593647635849
1.2163593647635849
1.2163593647635849
1.2163593647635849
1.2163593647635849
1.2163593647635849
1.2163593647635849
1.2163593647635849
1.2163593647635849
1.2163593647635849
1.2163593647635849
1.2163593647635849
1.2163593647635849
1.2163593647635849
1.2163593647635849
1.2163593647635849
1.2163593647635849
1.2163593647635849
1.2163593647635849
1.2163593647635849
1.2163593647635849
1.2163593647635849
1.2163593647635849
1.2163593647635849
1.2163593647635849
1.2163593647635849
1.2163593647635849
1.2163593647635849
1.2163593647635849
1.2163593647635849
1.2163593647635849
1.2163593647635849
1.2163593647635849
1.2163593647635849
1.2163593647635849
1.2163593647635849
1.2163593647635849
1.2163593647635849
1.2163593647635849
1.2163593647635849
1.2163593647635849
1.2163593647635849
1.2163593647635849
1.2163593647635849
1.2163593647635849
1.2163593647635849
1.2163593647635849
1.2163593647635849
1.2163593647635849
1.2163593647635849
1.2163593647635849
1.2163593647635849
1.2163593647635849
1.2163593647635849
1.2163593647635849
1.2163593647635849
1.2163593647635849
1.2163593647635849
1.2163593647635849
1.2163593647635849
1.2163593647635849
1.2163593647635849
1.2163593647635849
1.2163593647635849
1.2163593647635849
1.2163593647635849
1.2163593647635849
1.2163593647635849
1.2163593647635849
1.2163593647635849
1.2163593647635849
1.2163593647635849
1.2163593647635849
1.2163593647635849
1.2163593647635849
1.2163593647635849
1.2163593647635849
1.2163593647635849
1.2163593647635849
1.2163593647635849
1.2163593647635849
1.2163593647635849
1.2163593647635849
1.2163593647635849
1.2163593647635849
1.2163593647635849
1.2163593647635849
1.2163593647635849
1.2163593647635849
1.2163593647635849
1.2163593647635849
1.2163593647635849
1.2163593647635849
1.2163593647635849
1.2163593647635849
1.2163593647635849
1.2163593647635849
1.2163593647635849
1.2163593647635849
1.2163593647635849
1.2163593647635849
1.2163593647635849
1.2163593647635849
1.2163593647635849
1.2163593647635849
1.2163593647635849
1.2163593647635849
1.2163593647635849
1.2163593647635849
1.2163593647635849
1.2163593647635849
1.2163593647635849
1.2163593647635849
1.2163593647635849
1.2163593647635849
1.2163593647635849
1.2163593647635849
1.2163593647635849
1.2163593647635849
1.2163593647635849
1.2163593647635849
1.2163593647635849
1.2163593647635849
1.2163593647635849
1.2163593647635849
1.2163593647635849
1.2163593647635849
1.2163593647635849
1.2163593647635849
1.2163593647635849
1.2163593647635849
1.2163593647635849
1.2163593647635849
1.2163593647635849
1.2163593647635849
1.2163593647635849
1.2163593647635849
1.2163593647635849
1.2163593647635849
1.2163593647635849
1.2163593647635849
1.2163593647635849
1.2163593647635849
1.2163593647635849
1.2163593647635849
1.2163593647635849
1.2163593647635849
1.2163593647635849
1.2163593647635849
1.2163593647635849
1.2163593647635849
1.2163593647635849
1.2163593647635849
1.2163593647635849
1.2163593647635849
1.2163593647635849
1.2163593647635849
1.2163593647635849
1.2163593647635849
1.2163593647635849
1.2163593647635849
1.2163593647635849
1.2163593647635849
1.2163593647635849
1.2163593647635849
1.2163593647635849
1.2163593647635849
1.2163593647635849
1.2163593647635849
1.2163593647635849
1.2163593647635849
1.2163593647635849
1.2163593647635849
1.2163593647635849
1.2163593647635849
1.2163593647635849
1.2163593647635849
1.2163593647635849
1.2163593647635849
1.2163593647635849
1.2163593647635849
1.2163593647635849
1.2163593647635849
1.2163593647635849
1.2163593647635849
1.2163593647635849
1.2163593647635849
1.2163593647635849
1.2163593647635849
1.2163593647635849
1.2163593647635849
1.2163593647635849
1.2163593647635849
1.2163593647635849
1.2163593647635849
1.2163593647635849
1.2163593647635849
1.2163593647635849
1.2163593647635849
1.2163593647635849
1.2163593647635849
1.2163593647635849
1.2163593647635849
1.2163593647635849
1.2163593647635849
1.2163593647635849
1.2163593647635849
1.2163593647635849
1.2163593647635849
1.2163593647635849
1.2163593647635849
1.2163593647635849
1.2163593647635849
1.2163593647635849
1.2163593647635849
1.2163593647635849
1.2163593647635849
1.2163593647635849
1.2163593647635849
1.2163593647635849
1.2163593647635849
1.2163593647635849
1.2163593647635849
1.2163593647635849
1.2163593647635849
1.2163593647635849
1.2163593647635849
1.2163593647635849
1.2163593647635849
1.2163593647635849
1.2163593647635849
1.2163593647635849
1.2163593647635849
1.2163593647635849
1.2163593647635849
1.2163593647635849
1.2163593647635849
1.2163593647635849
1.2163593647635849
1.2163593647635849
1.2163593647635849
1.2163593647635849
1.2163593647635849
1.2163593647635849
1.2163593647635849
1.2163593647635849
1.2163593647635849
1.2163593647635849
1.2163593647635849
1.2163593647635849
1.2163593647635849
1.2163593647635849
1.2163593647635849
1.2163593647635849
1.2163593647635849
1.2163593647635849
1.2163593647635849
1.2163593647635849
1.2163593647635849
1.2163593647635849
1.2163593647635849
1.2163593647635849
1.2163593647635849
1.2163593647635849
1.2163593647635849
1.2163593647635849
1.2163593647635849
1.2163593647635849
1.2163593647635849
1.2163593647635849
1.2163593647635849
1.2163593647635849
1.2163593647635849
1.2163593647635849
1.2163593647635849
1.2163593647635849
1.2163593647635849
1.2163593647635849
1.2163593647635849
1.2163593647635849
1.2163593647635849
1.2163593647635849
1.2163593647635849
1.2163593647635849
1.2163593647635849
1.2163593647635849
1.2163593647635849
1.2163593647635849
1.2163593647635849
1.2163593647635849
1.2163593647635849
1.2163593647635849
1.2163593647635849
1.2163593647635849
1.2163593647635849
1.2163593647635849
1.2163593647635849
1.2163593647635849
1.2163593647635849
1.2163593647635849
1.2163593647635849
1.2163593647635849
1.2163593647635849
1.2163593647635849
1.2163593647635849
1.2163593647635849
1.2163593647635849
1.2163593647635849
1.2163593647635849
1.2163593647635849
1.2163593647635849
1.2163593647635849
1.2163593647635849
1.2163593647635849
1.2163593647635849
1.2163593647635849
1.2163593647635849
1.2163593647635849
1.2163593647635849
1.2163593647635849
1.2163593647635849
1.2163593647635849
1.2163593647635849
1.2163593647635849
1.2163593647635849
1.2163593647635849
1.2163593647635849
1.2163593647635849
1.2163593647635849
1.2163593647635849