-2.311435968289161
-2.2957326992208062
-2.280039462580848
-2.264356245558549
-2.2486830353676615
-2.2330198192464157
-2.217366584457443
-2.201723318287696
-2.186090008048416
-2.170466641075038
-2.1548532047271562
-2.1392496863884576
-2.126992038207664
-2.115855949298163
-2.1047269208302612
-2.093604943856781
-2.082490009447552
-2.0713821086893502
-2.060281232685862
-2.0491873725576397
-2.038100519442074
-2.0270206644933215
-2.0159477988822845
-2.006089115249374
-1.9974469640393557
-1.9888102541298316
-1.9801789786731647
-1.9715531308346501
-1.962932703792453
-1.9543176907376152
-1.945708084873977
-1.937103879418175
-1.9285050675996063
-1.9199116426603906
-1.9130177922919243
-1.9111286258095166
-1.9092406406091114
-1.907353835214337
-1.9054682081515897
-1.9035837579500239
-1.9017004831415447
-1.899818382260805
-1.897937453845195
-1.896057696434837
-1.894179108572578
-1.8923018868658645
-1.890500378996333
-1.8886999899013361
-1.8869007181921709
-1.8851025624827185
-1.883305521389437
-1.8815095935313573
-1.879714777530073
-1.8779210720097386
-1.8761284755970584
-1.874336986921285
-1.8725466046142087
-1.8611868522368435
-1.846683713133068
-1.8321895141616495
-1.8177042443074842
-1.8032278925758207
-1.7887604479922132
-1.7743018996024358
-1.7598522364724833
-1.7454114476884872
-1.7309795223566673
-1.7165564496033017
-1.704089744921752
-1.693562673974702
-1.683042048497825
-1.6725278606031493
-1.6620201024171593
-1.6515187660807817
-1.6410238437493432
-1.6305353275925372
-1.620053209794387
-1.6095774825532083
-1.5991081380815761
-1.5908233976693191
-1.5890222798016285
-1.5872222573371395
-1.585423328944259
-1.5836254932938187
-1.5818287490590714
-1.5800330949156869
-1.57823852954174
-1.576445051617713
-1.5746526598264825
-1.5728613528533175
-1.5710712109273604
-1.5693499437725975
-1.5676297165006687
-1.5659105278558658
-1.5641923765847556
-1.5624752614361714
-1.56075918116121
-1.5590441345132242
-1.5573301202478178
-1.5556171371228407
-1.5539051838983835
-1.5521942593367721
-1.5505306738832338
-1.548883450446759
-1.5472372149979254
-1.5455919663522744
-1.5439477033274747
-1.54230442474332
-1.5406621294217222
-1.5390208161867052
-1.537380483864404
-1.5357411312830553
-1.5341027572729937
-1.5302970253279293
-1.5243300053814541
-1.518366540933976
-1.5124066277508756
-1.506450261605086
-1.5004974382770828
-1.4945481535548764
-1.4886024032339702
-1.4826601831173678
-1.47672148901554
-1.4707863167464081
-1.4661664804624774
-1.4654812583032786
-1.4647964417807422
-1.4641120304148953
-1.4634280237266177
-1.462744421237638
-1.4620612224705316
-1.4613784269487207
-1.4606960341964699
-1.4600140437388853
-1.4593324551019125
-1.4586512678123342
-1.4579778749397996
-1.4573048799483488
-1.4566322805451852
-1.4559600762655263
-1.4552882666454083
-1.454616851221684
-1.453945829532021
-1.453275201114899
-1.452604965509611
-1.4519351222562562
-1.451265670895743
-1.4496340669046346
-1.4476816194226987
-1.4457303122218412
-1.443780143970932
-1.4418311133411674
-1.4398832190060715
-1.4379364596414834
-1.4359908339255594
-1.4340463405387593
-1.4321029781638495
-1.4301607454858907
-1.4282607765969049
-1.4264025233483162
-1.4245453484412967
-1.4226892506250526
-1.4208342286509632
-1.4189802812725805
-1.4171274072456195
-1.4152756053279563
-1.4134248742796198
-1.411575212862793
-1.4097266198417981
-1.4074688298435154
-1.4039998450137623
-1.4005328604623504
-1.3970678738838178
-1.3936048829766843
-1.3901438854434451
-1.3866848789905606
-1.3832278613284463
-1.3797728301714673
-1.3763197832379235
-1.3728687182500445
-1.3694252947429204
-1.3683346323755141
-1.3672445949396117
-1.3661551817194713
-1.3650663920005819
-1.3639782250696568
-1.3628906802146346
-1.3618037567246728
-1.3607174538901472
-1.3596317710026486
-1.35854670735498
-1.3574622622411534
-1.3563956693137929
-1.355335364533335
-1.354275663141206
-1.3532165644510552
-1.3521580677777034
-1.3511001724371372
-1.3500428777465097
-1.3489861830241352
-1.34793008758949
-1.3468745907632051
-1.3458196918670684
-1.344776205250711
-1.3437440487319279
-1.3427124759291917
-1.3416814861826571
-1.3406510788335972
-1.3396212532244007
-1.3385920086985688
-1.337563344600714
-1.336535260276557
-1.3355077550729237
-1.334480828337744
-1.3327384047495778
-1.3288643354569996
-1.3249924435239737
-1.321122726504373
-1.3172551819561924
-1.3133898074415362
-1.3095266005266073
-1.3056655587817034
-1.3018066797812076
-1.297949961103571
-1.2940954003313136
-1.2902433084790201
-1.286721505285142
-1.2832016693031632
-1.2796837983366212
-1.2761678901927211
-1.2726539426823447
-1.2691419536200284
-1.265631920823962
-1.2621238421159806
-1.258617715321556
-1.2551135382697818
-1.251611308793378
-1.2477396679460941
-1.2437468156934584
-1.2397561789214182
-1.2357677551727637
-1.2317815419943752
-1.2277975369372076
-1.223815737556285
-1.2198361414106866
-1.2158587460635448
-1.2118835490820303
-1.2079105480373487
-1.2055497043262673
-1.204798202945182
-1.204047116013809
-1.2032964430752662
-1.202546183673426
-1.2017963373529141
-1.2010469036591087
-1.2002978821381374
-1.199549272336877
-1.1988010738029504
-1.198053286084726
-1.1973083311739359
-1.1965710553018036
-1.195834183582305
-1.1950977155725948
-1.1943616508305537
-1.1936259889147889
-1.1928907293846327
-1.192155871800139
-1.1914214157220826
-1.1906873607119592
-1.1899537063319816
-1.1892204521450787
-1.187786393208556
-1.1863527691968037
-1.184919925919255
-1.1834878625260163
-1.1820565781685803
-1.1806260719998245
-1.179196343174006
-1.1777673908467634
-1.176339214175106
-1.1749118123174167
-1.173485184433448
-1.1726078548952221
-1.1719106467503728
-1.1712138160356185
-1.1705173623425407
-1.1698212852633834
-1.1691255843910515
-1.1684302593191103
-1.167735309641782
-1.167040734953947
-1.1663465348511406
-1.165652708929552
-1.1649633461900761
-1.1642783961162062
-1.1635938146416531
-1.162909601369915
-1.1622257559051274
-1.1615422778520652
-1.1608591668161394
-1.1601764224033968
-1.1594940442205175
-1.1588120318748143
-1.1581303849742324
-1.1574510733536283
-1.1567779559054407
-1.1561051985573276
-1.1554328009242074
-1.1547607626216152
-1.154089083265702
-1.1534177624732342
-1.1527467998615915
-1.1520761950487652
-1.1514059476533578
-1.150736057294581
-1.1500665397352703
-1.1494048512708728
-1.148743514721428
-1.148082529712807
-1.1474218958714775
-1.1467616128245022
-1.1461016801995376
-1.1454420976248327
-1.1447828647292275
-1.1441239811421526
-1.1434654464936267
-1.1428072604142558
-1.1407349521895926
-1.1381968709756007
-1.1356601310641778
-1.1331247310383923
-1.1305906694835572
-1.1280579449872272
-1.125526556139187
-1.1229965015314562
-1.120467779758277
-1.1179403894161117
-1.115414329103639
-1.1132523984948404
-1.1114522399197566
-1.1096530271781517
-1.107854759276632
-1.1060574352233719
-1.1042610540281033
-1.1024656147021183
-1.1006711162582619
-1.0988775577109309
-1.0970849380760708
-1.0952932563711688
-1.0933801070637736
-1.091102924152717
-1.0888269308363538
-1.0865521258724506
-1.0842785080207171
-1.0820060760428074
-1.0797348287023085
-1.0774647647647417
-1.0751958829975572
-1.0729281821701284
-1.070661661053751
-1.0683973392594586
-1.0675766992064848
-1.0667564854044387
-1.065936697410749
-1.0651173347835352
-1.0642983970816025
-1.063479883864443
-1.0626617946922332
-1.0618441291258331
-1.061026886726784
-1.060210067057309
-1.0593936696803075
-1.0585869097788667
-1.0577836319700635
-1.0569807688095332
-1.056178319869417
-1.0553762847225188
-1.054574662942303
-1.053773454102893
-1.05297265777907
-1.0521722735462715
-1.0513723009805906
-1.0505727396587732
-1.0493936406947693
-1.0478352705040008
-1.0462777001948371
-1.0447209289465713
-1.043164955939759
-1.0416097803562172
-1.040055401379017
-1.0385018181924877
-1.0369490299822086
-1.0353970359350093
-1.0338458352389654
-1.0325560505620996
-1.0320501777650462
-1.0315445631650177
-1.0310392064985816
-1.030534107502708
-1.0300292659147694
-1.0295246814725398
-1.0290203539141936
-1.0285162829783043
-1.0280124684038454
-1.027508909930187
-1.0270056072970979
-1.0265060216768527
-1.026006692187225
-1.0255076160034788
-1.0250087928687444
-1.024510222526542
-1.0240119047207825
-1.023513839195765
-1.0230160256961773
-1.0225184639670943
-1.0220211537539774
-1.021524094802674
-1.0199438246203387
-1.0180090316290944
-1.0160752146963425
-1.0141423728377819
-1.0122105050705987
-1.010279610413465
-1.008349687886535
-1.0064207365114421
-1.0044927553112952
-1.0025657433106776
-1.0006396995356412
-0.9996482425358443
-0.9995808932085657
-0.9995135776699694
-0.9994462958861694
-0.9993790478233305
-0.9993118334476685
-0.9992446527254498
-0.9991775056229915
-0.9991103921066612
-0.9990433121428771
-0.9989762656981075
-0.998909187046645
-0.9988419472164652
-0.9987747409348917
-0.9987075681684638
-0.9986404288837708
-0.9985733230474518
-0.998506250626196
-0.9984392115867421
-0.9983722058958785
-0.9983052335204432
-0.9982382944273237
-0.9981713880910641
-0.9981042574602315
-0.9980371601406978
-0.9979700960994202
-0.9979030653034051
-0.9978360677197078
-0.9977691033154327
-0.9977021720577328
-0.9976352739138101
-0.9975684088509154
-0.9975015768363474
-0.9974347778374542
-0.9973678196531853
-0.9973008310008742
-0.9972338753926459
-0.9971669527959164
-0.9971000631781504
-0.9970332065068602
-0.9969663827496061
-0.9968995918739966
-0.9968328338476876
-0.996766108638383
-0.9966994162138342
-0.9966326295310469
-0.9965657492513349
-0.9964989017842045
-0.9964320870974748
-0.996365305159012
-0.9962985559367297
-0.9962318393985884
-0.9961651555125961
-0.9960985042468072
-0.9960318855693234
-0.9959652994482928
-0.9958986828517672
-0.9958319106502522
-0.9957651710324468
-0.9956984639665657
-0.9956317894208703
-0.9955651473636684
-0.9954985377633142
-0.9954319605882079
-0.9953654158067959
-0.9952989033875709
-0.995232423299071
-0.9951659753953607
-0.9950993109778884
-0.9950326789178402
-0.99496607918382
-0.9948995117444775
-0.9948329765685084
-0.9947664736246533
-0.9947000028816984
-0.9946335643084754
-0.994567157873861
-0.9945007835467772
-0.994434441296191
-0.994070208315296
-0.9936069194490771
-0.9931438541507799
-0.9926810122047355
-0.9922183933955874
-0.9917559975082895
-0.9912938243281068
-0.9908318736406146
-0.9903701452316975
-0.9899086388875493
-0.9894473543946719
-0.9864336254434424
-0.9808665942303392
-0.9753022352977339
-0.9697405460813642
-0.9641815240206604
-0.958625166558733
-0.9530714711423672
-0.9475204352220227
-0.94197205625181
-0.9364263316894995
-0.9308832589965093
-0.9266622129368883
-0.926413614812028
-0.926165135392192
-0.925916774564072
-0.925668532214521
-0.9254204082305547
-0.92517240249935
-0.9249245149082449
-0.9246767453447386
-0.9244290936964907
-0.9241815598513213
-0.9239341447880927
-0.9236871970083946
-0.9234403665295651
-0.9231936532402206
-0.9229470570291363
-0.9227005777852453
-0.9224542153976387
-0.9222079697555658
-0.9219618407484328
-0.9217158282658028
-0.9214699321973961
-0.9212241524330895
-0.9209786814453262
-0.9207333896930212
-0.9204882137945964
-0.9202431536406654
-0.9199982091219967
-0.9197533801295132
-0.9195086665542924
-0.9192640682875656
-0.9190195852207177
-0.9187752172452869
-0.9185309642529649
-0.9182869523817521
-0.9180431802362394
-0.9177995226317922
-0.9175559794608222
-0.9173125506158927
-0.9170692359897185
-0.9168260354751651
-0.9165829489652485
-0.9163399763531358
-0.9160971175321432
-0.9158543723957376
-0.9154308372530873
-0.9144707234523539
-0.913511058459996
-0.9125518418566162
-0.9115930732234034
-0.9106347521421351
-0.9096768781951714
-0.9087194509654595
-0.907762470036528
-0.9068059349924884
-0.9058498454180333
-0.9048945395288011
-0.9041431635291755
-0.9033921369659516
-0.9026414595142617
-0.9018911308496905
-0.9011411506482746
-0.9003915185865022
-0.8996422343413113
-0.8988932975900895
-0.8981447080106735
-0.8973964652813465
-0.8966485690808409
-0.8959088400215367
-0.8951720415801019
-0.8944355838939333
-0.8936994666479908
-0.8929636895276716
-0.8922282522188079
-0.8914931544076676
-0.8907583957809525
-0.8900239760257984
-0.8892898948297729
-0.8885561518808769
-0.8879402504630108
-0.8874416696501057
-0.8869433182542332
-0.8864451960643621
-0.8859473028697531
-0.8854496384599562
-0.8849522026248124
-0.8844549951544521
-0.8839580158392941
-0.8834612644700455
-0.882964740837702
-0.8824693924478804
-0.8819771047386987
-0.8814850424100674
-0.8809932052557116
-0.88050159306964
-0.8800102056461445
-0.8795190427797979
-0.8790281042654553
-0.8785373898982524
-0.8780468994736056
-0.8775566327872107
-0.8770665904164167
-0.8765804381740327
-0.8760945073879768
-0.875608797856581
-0.8751233093784533
-0.8746380417524763
-0.8741529947778066
-0.8736681682538753
-0.8731835619803864
-0.8726991757573169
-0.8722150093849163
-0.8717310626637056
-0.8712500037510621
-0.8707700528394561
-0.8702903193706756
-0.8698108031477845
-0.869331503974113
-0.8688524216532588
-0.8683735559890864
-0.8678949067857259
-0.8674164738475724
-0.8669382569792868
-0.8664602559857947
-0.8652901066701332
-0.863426860893253
-0.8615644550779955
-0.8597028884673843
-0.8578421603054631
-0.8559822698372995
-0.8541232163089786
-0.852264998967603
-0.850407617061291
-0.8485510698391737
-0.8466953565513954
-0.8452850037704911
-0.8451859332080992
-0.8450869070868936
-0.8449879253670212
-0.8448889880086824
-0.8447900949721312
-0.8446912462176751
-0.8445924417056747
-0.844493681396544
-0.8443949652507498
-0.8442962932288122
-0.8441976645940129
-0.8440988371183682
-0.8440000537571875
-0.8439013144711048
-0.843802619220807
-0.8437039679670334
-0.8436053606705756
-0.8435067972922781
-0.8434082777930371
-0.8433098021338015
-0.8432113702755719
-0.8431129821794011
-0.843014456345475
-0.8429159146065678
-0.8428174166202155
-0.842718962347583
-0.8426205517498869
-0.8425221847883955
-0.8424238614244285
-0.842325581619357
-0.8422273453346034
-0.8421291525316416
-0.8420310031719962
-0.8419327773377311
-0.841834476090576
-0.8417362182770675
-0.8416380038588406
-0.8415398327975815
-0.8414417050550271
-0.8413436205929649
-0.8412455793732327
-0.8411475813577193
-0.8410496265083631
-0.8409517147871535
-0.840853786645079
-0.8407557247663392
-0.8406577060059164
-0.8405597303259082
-0.840461797688463
-0.8403639080557782
-0.8402660613901015
-0.8401682576537303
-0.8400704968090112
-0.8399727788183409
-0.8398751036441648
-0.839776920978206
-0.8392902576598106
-0.8388038072997732
-0.8383175697117993
-0.8378315447098381
-0.8373457321080836
-0.8368601317209723
-0.8363747433631845
-0.8358895668496427
-0.8354046019955118
-0.8349198486161985
-0.8344353065273509
-0.8333618775811052
-0.8320936928310091
-0.8308260601253803
-0.8295589789838154
-0.8282924489265373
-0.8270264694743938
-0.8257610401488582
-0.8244961604720278
-0.8232318299666219
-0.8219680481559808
-0.8207048145640653
-0.8199629990564266
-0.8197408272301296
-0.819518751654985
-0.8192967722476314
-0.8190748889248155
-0.8188531016033923
-0.8186314102003247
-0.8184098146326831
-0.8181883148176458
-0.8179669106724978
-0.8177456021146317
-0.8175244373686368
-0.8173035126610785
-0.8170826832104371
-0.8168619489346035
-0.8166413097515746
-0.8164207655794532
-0.8162003163364481
-0.8159799619408735
-0.8157597023111491
-0.8155395373657996
-0.815319467023455
-0.8150994912028499
-0.8148797996476715
-0.8146602023770078
-0.814440699303521
-0.8142212903464332
-0.8140019754250704
-0.8137827544588622
-0.8135636273673417
-0.8133445940701454
-0.813125654487013
-0.812906808537787
-0.812688056142413
-0.8124695372434482
-0.8122511584415373
-0.8120328728742089
-0.811814680461886
-0.8115965811250931
-0.8113785747844569
-0.8111606613607049
-0.8109428407746666
-0.8107251129472721
-0.810507477799553
-0.810289935252641
-0.8100725375837938
-0.8098552848399092
-0.8096381244162814
-0.8094210562344815
-0.8092040802161811
-0.808987196283151
-0.8087704043572621
-0.8085537043604842
-0.8083370962148868
-0.8081205798426381
-0.8079041551660052
-0.8076878878485108
-0.8074719061315128
-0.8072560157676364
-0.8070402166796357
-0.8068245087903626
-0.8066088920227669
-0.8063933662998958
-0.8061779315448938
-0.805962587681003
-0.8057473346315628
-0.8055321723200091
-0.8053171011355161
-0.8051022980984615
-0.8048875854952302
-0.8046729632497076
-0.8044584312858751
-0.80424398952781
-0.804029637899685
-0.8038153763257688
-0.8036012047304255
-0.803387123038114
-0.8031731311733887
-0.8029592290608991
-0.8017995436115133
-0.8003288955985304
-0.7988588636280006
-0.7973894471840287
-0.7959206457513693
-0.7944524588154219
-0.792984885862233
-0.7915179263784918
-0.7900515798515336
-0.7885858457693329
-0.7871207236205086
-0.78634980284294
-0.7862674234932621
-0.7861850784933445
-0.7861027678145532
-0.7860204914282907
-0.7859382493059943
-0.7858560414191378
-0.78577386773923
-0.7856917282378156
-0.7856096228864748
-0.7855275516568231
-0.7854454619379253
-0.7853632498691736
-0.7852810719239175
-0.7851989280738416
-0.785116818290666
-0.7850347425461457
-0.7849527008120708
-0.7848706930602668
-0.7847887192625937
-0.784706779390947
-0.7846248734172565
-0.784543001071676
-0.7844609556451414
-0.7843789441181586
-0.7842969664627255
-0.7842150226508754
-0.7841331126546758
-0.784051236446229
-0.7839693939976715
-0.7838875852811746
-0.7838058102689439
-0.7837240689332191
-0.7836423612462745
-0.7835605330074573
-0.7834786872654215
-0.7833968751735884
-0.7833150967042992
-0.7832333518299297
-0.7831516405228891
-0.783069962755621
-0.7829883185006028
-0.7829067077303455
-0.7828251304173944
-0.7827435865343282
-0.7826619741913596
-0.7825802936039988
-0.7824986464477446
-0.782417032695242
-0.7823354523191697
-0.7822539052922399
-0.7821723915871983
-0.7820909111768238
-0.7820094640339289
-0.7819280501313591
-0.7818466694419934
-0.7817652714806188
-0.7816837554207063
-0.7816022725750238
-0.7815208229165156
-0.781439406418159
-0.7813580230529644
-0.7812766727939752
-0.7811953556142673
-0.7811140714869502
-0.7810328203851653
-0.7809516022820873
-0.7808704171509233
-0.7807890650504721
-0.7807077458933597
-0.7806264597090284
-0.7805452064707499
-0.7804639861518281
-0.7803827987255998
-0.7803016441654338
-0.7802205224447314
-0.7801394335369262
-0.7800583774154839
-0.7799773540539026
-0.7795336998347372
-0.7789689464854194
-0.7784044211119219
-0.7778401235302638
-0.7772760535566867
-0.7767122110076539
-0.7761485956998511
-0.7755852074501858
-0.7750220460757858
-0.7744591113940005
-0.7738964032223994
-0.7730607595809036
-0.7719557020453341
-0.770851088619904
-0.7697469189477901
-0.7686431926726
-0.7675399094383711
-0.7664370688895676
-0.7653346706710842
-0.7642327144282393
-0.7631311998067798
-0.7620301264528789
-0.7609359998229839
-0.7598615436259196
-0.7587875173401205
-0.7577139206216928
-0.756640753127153
-0.7555680145134324
-0.7544957044378708
-0.75342382255822
-0.752352368532642
-0.751281342019706
-0.7502107426783913
-0.7491427906153215
-0.7490105461858979
-0.748878354438228
-0.7487462153303552
-0.748614128820373
-0.7484820948664249
-0.7483501134267044
-0.748218184459455
-0.7480863079229697
-0.7479544837755913
-0.7478227119757124
-0.7476909924817748
-0.7475592210914301
-0.7474274676223732
-0.7472957663897768
-0.7471641173522368
-0.747032520468398
-0.746900975696955
-0.7467694829966509
-0.7466380423262781
-0.7465066536446776
-0.7463753169107396
-0.7462440320834025
-0.7461127304137759
-0.7459814123518471
-0.7458501461276784
-0.74571893170036
-0.7455877690290305
-0.745456658072877
-0.7453255987911347
-0.7451945911430871
-0.7450636350880657
-0.7449327305854502
-0.744801877594668
-0.7446710420407648
-0.7445401565422741
-0.7444093224874084
-0.7442785398357441
-0.744147808546906
-0.7440171285805658
-0.743886499896443
-0.7437559224543044
-0.7436253962139643
-0.7434949211352839
-0.7433644971781721
-0.7432337664611757
-0.7427145627784045
-0.7421955622864995
-0.7416767648264851
-0.7411581702395728
-0.7406397783671589
-0.7401215890508266
-0.7396036021323444
-0.7390858174536663
-0.7385682348569315
-0.7380508541844636
-0.7375336752787705
-0.7372117907429355
-0.736954856537665
-0.7366980224138422
-0.7364412882935294
-0.7361846540988802
-0.7359281197521393
-0.7356716851756417
-0.735415350291813
-0.7351591150231696
-0.7349029792923178
-0.7346469430219543
-0.7343912945424411
-0.7341360333828232
-0.7338808712287522
-0.7336258080034576
-0.7333708436302577
-0.7331159780325603
-0.7328612111338619
-0.732606542857748
-0.7323519731278926
-0.7320975018680584
-0.7318431290020969
-0.7315260332115248
-0.7310204656800007
-0.730515093404755
-0.7300099162350253
-0.7295049340202233
-0.7290001466099361
-0.7284955538539235
-0.7279911556021199
-0.7274869517046331
-0.7269829420117433
-0.7264791263739045
-0.7259755046417434
-0.7254762331093565
-0.7249771557812783
-0.7244782703136976
-0.723979576559157
-0.7234810743703692
-0.7229827636002163
-0.7224846441017501
-0.7219867157281911
-0.7214889783329296
-0.7209914317695235
-0.7204940758916997
-0.7202595213953232
-0.7201110863396106
-0.7199627081065582
-0.7198143866526775
-0.7196661219345307
-0.7195179139087293
-0.7193697625319347
-0.719221667760858
-0.7190736295522598
-0.7189256478629503
-0.7187777226497892
-0.7186298196189981
-0.7184819391346204
-0.718334115023224
-0.7181863472418457
-0.7180386357475714
-0.7178909804975363
-0.7177433814489242
-0.717595838558968
-0.7174483517849494
-0.7173009210841986
-0.7171535464140948
-0.7170062107376386
-0.7168588807079742
-0.7167116066069305
-0.7165643883920606
-0.7164172260209667
-0.7162701194512985
-0.7161230686407543
-0.7159760735470803
-0.7158291341280708
-0.7156822503415681
-0.7155354221454621
-0.7153886493566077
-0.7152418657105521
-0.7150951375539911
-0.7149484648449865
-0.7148018475416476
-0.7146552856021311
-0.7145087789846414
-0.7143623276474298
-0.714215931548795
-0.7140695906470831
-0.7139233049006869
-0.7137770742680465
-0.7136308492981158
-0.7134846630649372
-0.713338531845842
-0.7131924555994389
-0.7130464342843835
-0.7129004678593781
-0.7127545562831713
-0.7126086995145581
-0.7124628975123802
-0.7123171502355256
-0.7121714576429284
-0.7117363150789979
-0.7110134982503239
-0.7102909523170058
-0.7095686770760687
-0.7088466723247655
-0.7081249378605775
-0.7074034734812131
-0.706682278984607
-0.7059613541689223
-0.7052406988325458
-0.7045203127740931
-0.7033993028862153
-0.7010828675306671
-0.6987672967582708
-0.696452589923877
-0.6941387463830552
-0.6918257654920991
-0.6895136466080182
-0.6872023890885434
-0.6848919922921206
-0.6825824555779179
-0.6802737783058103
-0.6779675051426697
-0.6779562636906138
-0.6779450264171462
-0.6779337933191618
-0.6779225643935586
-0.6779113396372383
-0.6779001190471058
-0.6778889026200698
-0.6778776903530421
-0.6778664822429382
-0.6778552782866767
-0.67784407848118
-0.6778328502007047
-0.6778216152227413
-0.6778103844024144
-0.6777991577366481
-0.6777879352223697
-0.67777671685651
-0.6777655026360032
-0.677754292557787
-0.6777430866188021
-0.6777318848159932
-0.677720687146308
-0.6777094719712476
-0.6776982392953187
-0.677687010759322
-0.6776757863602072
-0.6776645660949271
-0.6776533499604378
-0.6776421379536991
-0.6776309300716737
-0.677619726311328
-0.6776085266696317
-0.6775973311435577
-0.6775861289795091
-0.677574898612044
-0.6775636723669476
-0.6775524502411947
-0.6775412322317631
-0.6775300183356342
-0.6775188085497929
-0.6775076028712268
-0.6774964012969275
-0.6774852038238894
-0.6774740104491105
-0.6774628211695919
-0.6774515890713343
-0.6774403610431222
-0.6774291371183451
-0.6774179172940046
-0.6774067015671058
-0.6773954899346571
-0.6773842823936702
-0.6773730789411598
-0.6773618795741443
-0.677350684289645
-0.6773394930846864
-0.6773282769034872
-0.6773170552762136
-0.6773058377336149
-0.6772946242727184
-0.6772834148905547
-0.6772722095841579
-0.677261008350565
-0.6772498111868166
-0.677238618089956
-0.6772274290570304
-0.6772162440850895
-0.6772050418258005
-0.6771938225084665
-0.6771826072586801
-0.6771713960734927
-0.6771601889499596
-0.6771489858851386
-0.6771377868760912
-0.6771265919198817
-0.6771154010135778
-0.6771042141542506
-0.6770930313389739
-0.6770818419015889
-0.677070624900371
-0.677059411949707
-0.6770482030466727
-0.6770369981883471
-0.677025797371812
-0.6770146005941526
-0.6770034078524573
-0.6769922191438175
-0.6769810344653278
-0.6769698538140858
-0.6769586771083326
-0.6769474624293125
-0.6769362517839852
-0.6769250451694501
-0.6769138425828098
-0.6769026440211698
-0.6768914494816389
-0.676880258961329
-0.6768690724573551
-0.6768578899668349
-0.67684671148689
-0.6768355370146445
-0.6768243350727385
-0.6768131267388674
-0.6768019224190815
-0.6767907221105067
-0.676779525810272
-0.6767683335155094
-0.6767571452233538
-0.6767459609309437
-0.6767347806354204
-0.6767236043339279
-0.6767124320236136
-0.6766507593367237
-0.6765388450493967
-0.6764269706851032
-0.67631513621537
-0.6762033416117542
-0.6760915868458436
-0.6759798718892561
-0.6758681967136401
-0.6757565612906741
-0.6756449655920669
-0.6755334095895577
-0.6754414497152872
-0.6754079357342614
-0.6753744336619033
-0.6753409434897527
-0.6753074652093587
-0.675273998812279
-0.6752405442900805
-0.6752071016343392
-0.6751736708366397
-0.675140251888576
-0.6751068447817506
-0.6750734494633575
-0.6750399617649716
-0.6750064859195848
-0.6749730219188091
-0.6749395697542658
-0.6749061294175848
-0.674872700900405
-0.6748392841943741
-0.6748058792911488
-0.6747724861823943
-0.674739104859785
-0.674705735315004
-0.6746722997879847
-0.6746388501457595
-0.6746054122929886
-0.6745719862213646
-0.6745385719225886
-0.6745051693883705
-0.6744717786104292
-0.6744383995804922
-0.6744050322902956
-0.6743716767315845
-0.6743383328961123
-0.6743049492681042
-0.6742715258050429
-0.6742381140767135
-0.674204714074879
-0.674171325791311
-0.6741379492177897
-0.674104584346104
-0.6740712311680516
-0.6740378896754384
-0.6740045598600793
-0.6739712417137979
-0.6739379066432816
-0.6739044971924786
-0.6738710994263614
-0.6738377133367597
-0.6738043389155116
-0.673770976154464
-0.6737376250454719
-0.6737042855803993
-0.6736709577511184
-0.6736376415495101
-0.6736043369674637
-0.6735710437208086
-0.6735376725909178
-0.6735043130875812
-0.6734709652027002
-0.6734376289281846
-0.6734043042559529
-0.6733709911779315
-0.6733376896860559
-0.6733043997722695
-0.6732711214285244
-0.6732378546467808
-0.6732045994190076
-0.6731712794588646
-0.673137946007944
-0.6731046241220986
-0.6730713137933063
-0.6730380150135531
-0.6730047277748334
-0.6729714520691501
-0.6729381878885142
-0.6729049352249451
-0.6728716940704702
-0.6728384644171258
-0.6728051956330244
-0.6727718882102306
-0.6727385922995459
-0.6727053078930154
-0.6726720349826922
-0.6726387735606374
-0.6726055236189207
-0.6725722851496199
-0.6725390581448207
-0.6725058425966175
-0.6724726384971125
-0.6724394205853471
-0.6724061391662196
-0.6723728692066451
-0.6723396106987345
-0.6723063636346073
-0.6722731280063908
-0.6722399038062208
-0.6722066910262406
-0.6721734896586021
-0.6721402996954653
-0.6721071211289978
-0.672073953789228
-0.6720406983491394
-0.6720074543164524
-0.6719742216833436
-0.6719410004419979
-0.6719077905846079
-0.6718745921033745
-0.6718414049905063
-0.6718082292382203
-0.671775064838741
-0.6717419117843014
-0.6717087700671421
-0.6714518574248599
-0.6711209535661085
-0.6707901627498833
-0.6704594848989762
-0.6701289199362579
-0.6697984677846781
-0.6694681283672657
-0.669137901607128
-0.668807787427451
-0.6684777857514995
-0.6681478965026164
-0.6677861796014094
-0.6673927664217966
-0.6669994871358388
-0.666606341652429
-0.6662133298805528
-0.6658204517292888
-0.6654277071078081
-0.6650350959253741
-0.6646426180913437
-0.6642502735151647
-0.6638580621063784
-0.6634666013000291
-0.6630771202001977
-0.6626877711613832
-0.6622985540940608
-0.6619094689087961
-0.6615205155162456
-0.6611316938271564
-0.6607430037523672
-0.660354445202806
-0.6599660180894918
-0.659577722323534
-0.6591895582468994
-0.6588039310273824
-0.6584184340762804
-0.6580330673056124
-0.6576478306274842
-0.6572627239540928
-0.6568777471977228
-0.6564929002707479
-0.6561081830856303
-0.6557235955549211
-0.6553391375912593
-0.654954809107372
-0.6545723719117909
-0.6541906512017212
-0.6538090589198009
-0.6534275949796421
-0.6530462592949426
-0.652665051779487
-0.652283972347148
-0.6519030209118836
-0.6515221973877402
-0.6511415016888491
-0.6507609337294293
-0.6503815711148404
-0.6500034155689722
-0.6496253867826468
-0.6492474846709123
-0.6488697091489013
-0.6484920601318324
-0.6481145375350091
-0.6477371412738195
-0.6473598712637374
-0.6469827274203206
-0.6466057096592124
-0.6458590994120835
-0.644022397973331
-0.6421863099438689
-0.6403508349141072
-0.6385159724748704
-0.6366817222173877
-0.634848083733302
-0.633015056614662
-0.6311826404539251
-0.6293508348439554
-0.6275196393780242
-0.6256908982801567
-0.624513086839261
-0.6233356673161786
-0.6221586394501752
-0.6209820029807751
-0.6198057576477634
-0.6186299031911834
-0.6174544393513394
-0.6162793658687914
-0.615104682484362
-0.6139303889391277
-0.6127564849744248
-0.611747464288171
-0.6107928817013122
-0.6098386154893776
-0.608884665442726
-0.6079310313519238
-0.6069777130077472
-0.6060247102011774
-0.6050720227234062
-0.6041196503658312
-0.6031675929200554
-0.602215850177891
-0.601682990536318
-0.6015652990601937
-0.6014476464485731
-0.6013300326757967
-0.6012124577162304
-0.6010949215442657
-0.6009774241343191
-0.6008599654608324
-0.6007425454982731
-0.6006251642211333
-0.6005078216039308
-0.6003904979996432
-0.6002731546988703
-0.6001558500073788
-0.6000385838997699
-0.59992135635067
-0.5998041673347303
-0.5996870168266272
-0.5995699048010618
-0.5994528312327606
-0.5993357960964744
-0.5992187993669792
-0.5991018409125555
-0.5989848437449611
-0.598867884933936
-0.5987509644543386
-0.5986340822810522
-0.5985172383889845
-0.5984004327530681
-0.59828366534826
-0.5981669361495421
-0.5980502451319205
-0.5979335922704259
-0.5978169775401138
-0.5977003435145226
-0.5975837285620528
-0.5974671516910298
-0.5973506128765903
-0.5972341120938951
-0.5971176493181296
-0.5970012245245031
-0.5968848376882494
-0.5967684887846266
-0.5966521777889168
-0.5965359046764263
-0.5962459937890967
-0.5957829849492751
-0.59532012676712
-0.5948574191446189
-0.5943948619838547
-0.5939324551870064
-0.5934701986563474
-0.5930080922942473
-0.5925461360031699
-0.5920843296856746
-0.5916226732444151
-0.5910039917680862
-0.5899148013308125
-0.5888259640393755
-0.5877374796648509
-0.5866493479785352
-0.5855615687519491
-0.5844741417568335
-0.5833870667651523
-0.5823003435490893
-0.5812139718810495
-0.5801279515336608
-0.5790422822797694
-0.5785089037268675
-0.5779757350239416
-0.577442738519163
-0.5769099141013373
-0.5763772616593783
-0.5758447810823071
-0.5753124722592518
-0.5747803350794479
-0.5742483694322388
-0.5737165752070738
-0.5731849522935096
-0.5729725442470018
-0.5728667793449607
-0.5727610484810126
-0.5726553516332559
-0.5725496887798098
-0.5724440598988147
-0.5723384649684323
-0.5722329039668452
-0.572127376872257
-0.5720218836628923
-0.5719164243169967
-0.571810933434846
-0.5717054108187732
-0.5715999220430209
-0.5714944670858911
-0.571389045925707
-0.5712836585408129
-0.5711783049095729
-0.5710729850103732
-0.5709676988216198
-0.5708624463217398
-0.570757227489181
-0.5706520287964837
-0.5705468238495409
-0.5704416525224463
-0.5703365147937193
-0.5702314106418999
-0.5701263400455484
-0.5700213029832462
-0.5699162994335946
-0.5698113293752157
-0.5697063927867522
-0.5696014896468665
-0.5694966196995186
-0.569391692464403
-0.5692867986429325
-0.5691819382138327
-0.5690771111558498
-0.5689723174477506
-0.5688675570683214
-0.5687628299963696
-0.568658136210722
-0.5685534756902265
-0.5684488484137502
-0.5683442543601809
-0.5682396257207404
-0.5681350079578273
-0.568030423383185
-0.567925871975763
-0.5678213537145315
-0.5677168685784802
-0.5676124165466189
-0.5675079975979772
-0.5674036117116049
-0.5672992588665716
-0.5671949390419666
-0.5670906073934984
-0.5669862642532211
-0.5668819540989878
-0.5667776769099495
-0.5666734326652766
-0.5665692213441594
-0.5664650429258081
-0.5663608973894523
-0.5662567847143412
-0.5661527048797439
-0.5660486578649491
-0.5659446213862384
-0.5658405514437077
-0.5657365142868451
-0.5656325098949996
-0.5655285382475401
-0.5654245993238547
-0.5653206931033512
-0.5652168195654566
-0.5651129786896174
-0.5650091704552996
-0.5649053948419884
-0.5648016517297795
-0.5646978535710285
-0.5645940879993973
-0.5644903549944308
-0.5643866545356936
-0.5642829866027692
-0.5641793511752606
-0.5640757482327898
-0.5639721777549979
-0.5638686397215453
-0.5637651341121114
-0.5636616609063947
-0.5635581548027332
-0.5634546594149844
-0.5633511963973513
-0.5632477657295915
-0.5631443673914813
-0.5630410013628165
-0.5629376676234117
-0.5628343661531
-0.5627310969317338
-0.5626278599391844
-0.5625246551553417
-0.5624214394308595
-0.5623182128363272
-0.5622150184171425
-0.5621118561532538
-0.5620087260246283
-0.5619056280112517
-0.5618025620931285
-0.561699528250282
-0.5615965264627542
-0.5614935567106052
-0.5613906189739143
-0.5610589799180575
-0.5600415225196946
-0.5590243811753963
-0.5580075556888713
-0.5569910458640124
-0.5559748515048922
-0.5549589724157671
-0.5539434084010745
-0.5529281592654363
-0.5519132248136537
-0.5508986048507091
-0.5498842991817685
-0.5493852403837391
-0.548886498310888
-0.5483879105875615
-0.5478894771182545
-0.5473911978075493
-0.5468930725601168
-0.5463951012807172
-0.5458972838741982
-0.5453996202454957
-0.5449021102996341
-0.5444047539417256
-0.5439108834909178
-0.5434182800574854
-0.5429258285565888
-0.5424335288945372
-0.5419413809777255
-0.5414493847126355
-0.540957540005835
-0.540465846763979
-0.5399743048938075
-0.5394829143021477
-0.5389916748959118
-0.5382613013389588
-0.537294812595987
-0.5363286209369823
-0.5353627261793628
-0.534397128140714
-0.5334318266387911
-0.5324668214915151
-0.5315021125169757
-0.5305376995334313
-0.5295735823593051
-0.5286097608131898
-0.5278896860188114
-0.5278896860188114
-0.5278896860188114
-0.5278896860188114
-0.5278896860188114
-0.5278896860188114
-0.5278896860188114
-0.5278896860188114
-0.5278896860188114
-0.5278896860188114
-0.5278896860188114
-0.5278896860188114
-0.5278896860188114
-0.5278896860188114
-0.5278896860188114
-0.5278896860188114
-0.5278896860188114
-0.5278896860188114
-0.5278896860188114
-0.5278896860188114
-0.5278896860188114
-0.5278896860188114
-0.5278896860188114
-0.5278896860188114
-0.5278896860188114
-0.5278896860188114
-0.5278896860188114
-0.5278896860188114
-0.5278896860188114
-0.5278896860188114
-0.5278896860188114
-0.5278896860188114
-0.5278896860188114
-0.5278896860188114
-0.5278896860188114
-0.5278896860188114
-0.5278896860188114
-0.5278896860188114
-0.5278896860188114
-0.5278896860188114
-0.5278896860188114
-0.5278896860188114
-0.5278896860188114
-0.5278896860188114
-0.5278896860188114
-0.5278896860188114
-0.5278896860188114
-0.5278896860188114
-0.5278896860188114
-0.5278896860188114
-0.5278896860188114
-0.5278896860188114
-0.5278896860188114
-0.5278896860188114
-0.5278896860188114
-0.5278896860188114
-0.5278896860188114
-0.5278896860188114
-0.5278896860188114
-0.5278896860188114
-0.5278896860188114
-0.5278896860188114
-0.5278896860188114
-0.5278896860188114
-0.5278896860188114
-0.5278896860188114
-0.5278896860188114
-0.5278896860188114
-0.5278896860188114
-0.5278896860188114
-0.5278896860188114
-0.5278896860188114
-0.5278896860188114
-0.5278896860188114
-0.5278896860188114
-0.5278896860188114
-0.5278896860188114
-0.5278896860188114
-0.5278896860188114
-0.5278896860188114
-0.5278896860188114
-0.5278896860188114
-0.5278896860188114
-0.5278896860188114
-0.5278896860188114
-0.5278896860188114
-0.5278896860188114
-0.5278896860188114
-0.5278896860188114
-0.5278896860188114
-0.5278896860188114
-0.5278896860188114
-0.5278896860188114
-0.5278896860188114
-0.5278896860188114
-0.5278896860188114
-0.5278896860188114
-0.5278896860188114
-0.5278896860188114
-0.5278896860188114
-0.5278896860188114
-0.5278896860188114
-0.5278896860188114
-0.5278896860188114
-0.5278896860188114
-0.5278896860188114
-0.5278896860188114
-0.5278896860188114
-0.5278896860188114
-0.5278896860188114
-0.5278896860188114
-0.5278896860188114
-0.5278896860188114
-0.5278896860188114
-0.5278896860188114
-0.5278896860188114
-0.5278896860188114
-0.5278896860188114
-0.5278896860188114
-0.5278896860188114
-0.5278896860188114
-0.5278896860188114
-0.5278896860188114
-0.5278896860188114
-0.5278896860188114
-0.5278896860188114
-0.5278896860188114
-0.5278896860188114
-0.5278896860188114
-0.5278896860188114
-0.5278896860188114
-0.5278896860188114
-0.5278896860188114
-0.5278896860188114
-0.5278896860188114
-0.5278896860188114
-0.5278896860188114
-0.5278896860188114
-0.5278896860188114
-0.5278896860188114
-0.5278896860188114
-0.5278896860188114
-0.5278896860188114
-0.5278896860188114
-0.5278896860188114
-0.5278896860188114
-0.5278896860188114
-0.5278896860188114
-0.5278896860188114
-0.5278896860188114
-0.5278896860188114
-0.5278896860188114
-0.5278896860188114
-0.5278896860188114
-0.5278896860188114
-0.5278896860188114
-0.5278896860188114
-0.5278896860188114
-0.5278896860188114
-0.5278896860188114
-0.5278896860188114
-0.5278896860188114
-0.5278896860188114
-0.5278896860188114
-0.5278896860188114
-0.5278896860188114
-0.5278896860188114
-0.5278896860188114
-0.5278896860188114
-0.5278896860188114
-0.5278896860188114
-0.5278896860188114
-0.5278896860188114
-0.5278896860188114
-0.5278896860188114
-0.5278896860188114
-0.5278896860188114
-0.5278896860188114
-0.5278896860188114
-0.5278896860188114
-0.5278896860188114
-0.5278896860188114
-0.5278896860188114
-0.5278896860188114
-0.5278896860188114
-0.5278896860188114
-0.5278896860188114
-0.5278896860188114
-0.5278896860188114
-0.5278896860188114
-0.5278896860188114
-0.5278896860188114
-0.5278896860188114
-0.5278896860188114
-0.5278896860188114
-0.5278896860188114
-0.5278896860188114
-0.5278896860188114
-0.5278896860188114
-0.5278896860188114
-0.5278896860188114
-0.5278896860188114
-0.5278896860188114
-0.5278896860188114
-0.5278896860188114
-0.5278896860188114
-0.5278896860188114
-0.5278896860188114
-0.5278896860188114
-0.5278896860188114
-0.5278896860188114
-0.5278896860188114
-0.5278896860188114
-0.5278896860188114
-0.5278896860188114
-0.5278896860188114
-0.5278896860188114
-0.5278896860188114
-0.5278896860188114
-0.5278896860188114
-0.5278896860188114
-0.5278896860188114
-0.5278896860188114
-0.5278896860188114
-0.5278896860188114
-0.5278896860188114
-0.5278896860188114
-0.5278896860188114
-0.5278896860188114
-0.5278896860188114
-0.5278896860188114
-0.5278896860188114
-0.5278896860188114
-0.5278896860188114
-0.5278896860188114
-0.5278896860188114
-0.5278896860188114
-0.5278896860188114
-0.5278896860188114
-0.5278896860188114
-0.5278896860188114
-0.5278896860188114
-0.5278896860188114
-0.5278896860188114
-0.5278896860188114
-0.5278896860188114
-0.5278896860188114
-0.5278896860188114
-0.5278896860188114
-0.5278896860188114
-0.5278896860188114
-0.5278896860188114
-0.5278896860188114
-0.5278896860188114
-0.5278896860188114
-0.5278896860188114
-0.5278896860188114
-0.5278896860188114
-0.5278896860188114
-0.5278896860188114
-0.5278896860188114
-0.5278896860188114
-0.5278896860188114
-0.5278896860188114
-0.5278896860188114
-0.5278896860188114
-0.5278896860188114
-0.5278896860188114
-0.5278896860188114
-0.5278896860188114
-0.5278896860188114
-0.5278896860188114
-0.5278896860188114
-0.5278896860188114
-0.5278896860188114
-0.5278896860188114
-0.5278896860188114
-0.5278896860188114
-0.5278896860188114
-0.5278896860188114
-0.5278896860188114
-0.5278896860188114
-0.5278896860188114
-0.5278896860188114
-0.5278896860188114
-0.5278896860188114
-0.5278896860188114
-0.5278896860188114
-0.5278896860188114
-0.5278896860188114
-0.5278896860188114
-0.5278896860188114
-0.5278896860188114
-0.5278896860188114
-0.5278896860188114
-0.5278896860188114
-0.5278896860188114
-0.5278896860188114
-0.5278896860188114
-0.5278896860188114
-0.5278896860188114
-0.5278896860188114
-0.5278896860188114
-0.5278896860188114
-0.5278896860188114
-0.5278896860188114
-0.5278896860188114
-0.5278896860188114
-0.5278896860188114
-0.5278896860188114
-0.5278896860188114
-0.5278896860188114
-0.5278896860188114
-0.5278896860188114
-0.5278896860188114
-0.5278896860188114
-0.5278896860188114
-0.5278896860188114
-0.5278896860188114
-0.5278896860188114
-0.5278896860188114
-0.5278896860188114
-0.5278896860188114
-0.5278896860188114
-0.5278896860188114
-0.5278896860188114
-0.5278896860188114
-0.5278896860188114
-0.5278896860188114
-0.5278896860188114
-0.5278896860188114
-0.5278896860188114
-0.5278896860188114
-0.5278896860188114
-0.5278896860188114
-0.5278896860188114
-0.5278896860188114
-0.5278896860188114
-0.5278896860188114
-0.5278896860188114
-0.5278896860188114
-0.5278896860188114
-0.5278896860188114
-0.5278896860188114
-0.5278896860188114
-0.5278896860188114
-0.5278896860188114
-0.5278896860188114
-0.5278896860188114
-0.5278896860188114
-0.5278896860188114
-0.5278896860188114
-0.5278896860188114
-0.5278896860188114
-0.5278896860188114
-0.5278896860188114
-0.5278896860188114
-0.5278896860188114
-0.5278896860188114
-0.5278896860188114
-0.5278896860188114
-0.5278896860188114
-0.5278896860188114
-0.5278896860188114
-0.5278896860188114
-0.5278896860188114
-0.5278896860188114
-0.5278896860188114
-0.5278896860188114
-0.5278896860188114
-0.5278896860188114
-0.5278896860188114
-0.5278896860188114
-0.5278896860188114
-0.5278896860188114
-0.5278896860188114
-0.5278896860188114
-0.5278896860188114
-0.5278896860188114
-0.5278896860188114
-0.5278896860188114
-0.5278896860188114
-0.5278896860188114
-0.5278896860188114
-0.5278896860188114
-0.5278896860188114
-0.5278896860188114
-0.5278896860188114
-0.5278896860188114
-0.5278896860188114
-0.5278896860188114
-0.5278896860188114
-0.5278896860188114
-0.5278896860188114
-0.5278896860188114
-0.5278896860188114
-0.5278896860188114
-0.5278896860188114
-0.5278896860188114
-0.5278896860188114
-0.5278896860188114
-0.5278896860188114
-0.5278896860188114
-0.5278896860188114
-0.5278896860188114
-0.5278896860188114
-0.5278896860188114
-0.5278896860188114
-0.5278896860188114
-0.5278896860188114
-0.5278896860188114
-0.5278896860188114
-0.5278896860188114
-0.5278896860188114
-0.5278896860188114
-0.5278896860188114
-0.5278896860188114
-0.5278896860188114
-0.5278896860188114
-0.5278896860188114
-0.5278896860188114
-0.5278896860188114
-0.5278896860188114
-0.5278896860188114
-0.5278896860188114
-0.5278896860188114
-0.5278896860188114
-0.5278896860188114
-0.5278896860188114
-0.5278896860188114
-0.5278896860188114
-0.5278896860188114
-0.5278896860188114
-0.5278896860188114
-0.5278896860188114
-0.5278896860188114
-0.5278896860188114
-0.5278896860188114
-0.5278896860188114
-0.5278896860188114
-0.5278896860188114
-0.5278896860188114
-0.5278896860188114
-0.5278896860188114
-0.5278896860188114
-0.5278896860188114
-0.5278896860188114
-0.5278896860188114
-0.5278896860188114
-0.5278896860188114
-0.5278896860188114
-0.5278896860188114
-0.5278896860188114
-0.5278896860188114
-0.5278896860188114
-0.5278896860188114
-0.5278896860188114
-0.5278896860188114
-0.5278896860188114
-0.5278896860188114
-0.5278896860188114
-0.5278896860188114
-0.5278896860188114
-0.5278896860188114
-0.5278896860188114
-0.5278896860188114
-0.5278896860188114
-0.5278896860188114
-0.5278896860188114
-0.5278896860188114
-0.5278896860188114
-0.5278896860188114
-0.5278896860188114
-0.5278896860188114
-0.5278896860188114
-0.5278896860188114
-0.5278896860188114
-0.5278896860188114
-0.5278896860188114
-0.5278896860188114
-0.5278896860188114
-0.5278896860188114
-0.5278896860188114
-0.5278896860188114
-0.5278896860188114
-0.5278896860188114
-0.5278896860188114
-0.5278896860188114
-0.5278896860188114
-0.5278896860188114
-0.5278896860188114
-0.5278896860188114
-0.5278896860188114
-0.5278896860188114
-0.5278896860188114
-0.5278896860188114
-0.5278896860188114
-0.5278896860188114
-0.5278896860188114
-0.5278896860188114
-0.5278896860188114
-0.5278896860188114
-0.5278896860188114
-0.5278896860188114
-0.5278896860188114
-0.5278896860188114
-0.5278896860188114
-0.5278896860188114
-0.5278896860188114
-0.5278896860188114
-0.5278896860188114
-0.5278896860188114
-0.5278896860188114
-0.5278896860188114
-0.5278896860188114
-0.5278896860188114
-0.5278896860188114
-0.5278896860188114
-0.5278896860188114
-0.5278896860188114
-0.5278896860188114
-0.5278896860188114
-0.5278896860188114
-0.5278896860188114
-0.5278896860188114
-0.5278896860188114
-0.5278896860188114
-0.5278896860188114
-0.5278896860188114
-0.5278896860188114
-0.5278896860188114
-0.5278896860188114
-0.5278896860188114
-0.5278896860188114
-0.5278896860188114
-0.5278896860188114
-0.5278896860188114
-0.5278896860188114
-0.5278896860188114
-0.5278896860188114
-0.5278896860188114
-0.5278896860188114
-0.5278896860188114
-0.5278896860188114
-0.5278896860188114
-0.5278896860188114
-0.5278896860188114
-0.5278896860188114
-0.5278896860188114
-0.5278896860188114
-0.5278896860188114
-0.5278896860188114
-0.5278896860188114
-0.5278896860188114
-0.5278896860188114
-0.5278896860188114
-0.5278896860188114
-0.5278896860188114
-0.5278896860188114
-0.5278896860188114
-0.5278896860188114
-0.5278896860188114
-0.5278896860188114
-0.5278896860188114
-0.5278896860188114
-0.5278896860188114
-0.5278896860188114
-0.5278896860188114
-0.5278896860188114
-0.5278896860188114
-0.5278896860188114
-0.5278896860188114
-0.5278896860188114
-0.5278896860188114
-0.5278896860188114
-0.5278896860188114
-0.5278896860188114
-0.5278896860188114
-0.5278896860188114
-0.5278896860188114
-0.5278896860188114
-0.5278896860188114
-0.5278896860188114
-0.5278896860188114
-0.5278896860188114
-0.5278896860188114
-0.5278896860188114
-0.5278896860188114
-0.5278896860188114
-0.5278896860188114
-0.5278896860188114
-0.5278896860188114
-0.5278896860188114
-0.5278896860188114
-0.5278896860188114
-0.5278896860188114
-0.5278896860188114
-0.5278896860188114
-0.5278896860188114
-0.5278896860188114
-0.5278896860188114
-0.5278896860188114
-0.5278896860188114
-0.5278896860188114
-0.5278896860188114
-0.5278896860188114
-0.5278896860188114
-0.5278896860188114
-0.5278896860188114
-0.5278896860188114
-0.5278896860188114
-0.5278896860188114
-0.5278896860188114
-0.5278896860188114
-0.5278896860188114
-0.5278896860188114
-0.5278896860188114
-0.5278896860188114
-0.5278896860188114
-0.5278896860188114
-0.5278896860188114
-0.5278896860188114
-0.5278896860188114
-0.5278896860188114
-0.5278896860188114
-0.5278896860188114
-0.5278896860188114
-0.5278896860188114
-0.5278896860188114
-0.5278896860188114
-0.5278896860188114
-0.5278896860188114
-0.5278896860188114
-0.5278896860188114
-0.5278896860188114
-0.5278896860188114
-0.5278896860188114
-0.5278896860188114
-0.5278896860188114
-0.5278896860188114
-0.5278896860188114
-0.5278896860188114
-0.5278896860188114
-0.5278896860188114
-0.5278896860188114
-0.5278896860188114
-0.5278896860188114
-0.5278896860188114
-0.5278896860188114
-0.5278896860188114
-0.5278896860188114
-0.5278896860188114
-0.5278896860188114
-0.5278896860188114
-0.5278896860188114
-0.5278896860188114
-0.5278896860188114