-7.039218023501312
-6.992108216296248
-6.945028506376373
-6.897978855309476
-6.850959224736814
-6.803969576373076
-6.757009872006158
-6.7100800734969175
-6.663180142779076
-6.616310041858944
-6.569469732815298
-6.522659177799201
-6.485886233256822
-6.452477966528318
-6.419090881124613
-6.385724950204173
-6.3523801469764845
-6.3190564447018795
-6.285753816691415
-6.252472236306748
-6.219211676960049
-6.185972112113793
-6.152753515280682
-6.12317746438195
-6.097251010751895
-6.071340881023324
-6.045447054653322
-6.019569511137779
-5.993708230011189
-5.967863190846675
-5.942034373255759
-5.916221756888353
-5.890425321432648
-5.864645046615001
-5.843963495509602
-5.838295996062379
-5.832632040461164
-5.82697162427684
-5.821314743088598
-5.815661392483901
-5.810011568058464
-5.804365265416244
-5.798722480169414
-5.7930832079383405
-5.787447444351563
-5.781815779231422
-5.776411255622828
-5.771010088337838
-5.765612273210341
-5.760217806081984
-5.75482668280214
-5.749438899227901
-5.744054451224048
-5.738673334663044
-5.733295545425004
-5.727921079397683
-5.722549932476455
-5.688470675344359
-5.644961258033033
-5.601478661118778
-5.558022851556282
-5.514593796361291
-5.471191462610468
-5.427815817441136
-5.384466828051279
-5.341144461699291
-5.297848685703832
-5.254579467443734
-5.217179353399086
-5.185598140557935
-5.154036264127304
-5.122493700443277
-5.090970425885306
-5.059466416876174
-5.027981649881858
-4.996516101411441
-4.965069748016989
-4.933642566293454
-4.902234532878557
-4.877380311641786
-4.871976958038714
-4.866576890645248
-4.861180105466606
-4.855786598515285
-4.850396365811044
-4.845009403380889
-4.839625707259049
-4.834245273486967
-4.828868098113276
-4.823494177193782
-4.81812375141591
-4.812959949951622
-4.807799268135835
-4.802641702201426
-4.797487248388095
-4.792335902942343
-4.787187662117458
-4.7820425221735015
-4.776900479377281
-4.77176153000235
-4.766625670328979
-4.761492896644145
-4.75650214028353
-4.751560469974105
-4.746621763627605
-4.741686017690651
-4.736753228616252
-4.731823392863788
-4.726896506898995
-4.721972567193944
-4.71705157022704
-4.712133512482994
-4.70721839045281
-4.695801194617617
-4.6779001347781906
-4.660009741435756
-4.642130001886455
-4.624260903449087
-4.606402433465077
-4.5885545792984574
-4.570717328335739
-4.552890667985932
-4.535074585680449
-4.517269068873053
-4.503409560021261
-4.501353893543665
-4.499299443976056
-4.497246209878515
-4.495194189813682
-4.493143382346743
-4.491093786045424
-4.489045399479991
-4.486998221223239
-4.484952249850485
-4.482907483939567
-4.480863922070832
-4.478843743453227
-4.476824758478875
-4.474806960269384
-4.472790347430408
-4.470774918570053
-4.46876067229888
-4.466747607229891
-4.464735721978526
-4.462725015162661
-4.460715485402598
-4.458707131321058
-4.453812319347732
-4.447954976901925
-4.442101055299352
-4.4362505505466245
-4.430403458657331
-4.4245597756520425
-4.418719497558279
-4.412882620410507
-4.407049140250106
-4.401219053125377
-4.3953923550915
-4.389692448424543
-4.384117688678777
-4.378546163957719
-4.372977870508986
-4.367412804586718
-4.36185096245157
-4.356292340370687
-4.350736934617697
-4.345184741472688
-4.339635757222207
-4.3340899781592235
-4.3273166081643755
-4.316909653675116
-4.3065087000208795
-4.296113740285282
-4.285724767563881
-4.275341774964164
-4.26496475560551
-4.254593702619167
-4.24422860914823
-4.233869468347598
-4.223516273383962
-4.21318600286259
-4.209914015760371
-4.2066439034526635
-4.203375663792242
-4.200109294635574
-4.196844793842799
-4.193582159277732
-4.190321388807846
-4.18706248030427
-4.183805431641774
-4.180550240698768
-4.177296905357288
-4.174097126575207
-4.170916212233833
-4.167737108057446
-4.164559811986994
-4.161384321966939
-4.15821063594524
-4.155038751873358
-4.151868667706235
-4.148700381402298
-4.145533890923445
-4.142369194235034
-4.1392387343859625
-4.136142264829613
-4.1330475464214045
-4.129954577181801
-4.1268633551346205
-4.1237738783070315
-4.120686144729535
-4.117600152435971
-4.1145158994635
-4.1114333838526
-4.108352603647061
-4.103125332882563
-4.091503125004828
-4.07988744920575
-4.068278298146948
-4.056675664502406
-4.0450795409584375
-4.0334899202136505
-4.021906794978939
-4.010330157977451
-3.9987600019445417
-3.9871963196277695
-3.975640044070889
-3.9650746344892545
-3.9545151265433183
-3.943961513643692
-3.933413789211992
-3.922871946680863
-3.912335979493913
-3.9018058811057137
-3.8912816449817704
-3.8807632645984964
-3.8702507334431733
-3.859744045013962
-3.8481291224721104
-3.8361505657142034
-3.824178655398083
-3.8122133841521193
-3.8002547446169537
-3.7883027294454514
-3.7763573313026835
-3.7644185428658887
-3.7524863568244626
-3.74056076587992
-3.7286417627458746
-3.7215592316126305
-3.7193047274693742
-3.717051466675256
-3.7147994478596265
-3.7125486696541063
-3.7102991306925706
-3.708050829611155
-3.7058037650482407
-3.7035579356444597
-3.7013133400426796
-3.6990699768880058
-3.696835112155636
-3.694623284539239
-3.6924126693807433
-3.690203265351612
-3.6879950711254894
-3.6857880853781952
-3.6835823067877262
-3.6813777340342453
-3.679174365800076
-3.6769722007697063
-3.674771237629773
-3.672571475069064
-3.668269298259496
-3.663968426224239
-3.659669896391594
-3.6553737062118774
-3.651079853139569
-3.646788334633302
-3.6424991481558466
-3.6382122911741184
-3.633927761159146
-3.629645555586078
-3.625365671934172
-3.6227336833194945
-3.620642058884947
-3.618551566740684
-3.6164622056614504
-3.614373974423979
-3.612286871806983
-3.610200896591159
-3.6081160475591743
-3.6060323234956693
-3.6039497231872506
-3.6018682454224846
-3.5998001572040565
-3.597745306982447
-3.5956915625587884
-3.593638922743573
-3.591587386349211
-3.589536952190024
-3.587487619082247
-3.5854393858440186
-3.583392251295381
-3.5813462142582715
-3.5793012735565255
-3.5772633386947135
-3.5752439863501504
-3.573225714305811
-3.571208521406451
-3.569192406498674
-3.5671773684309347
-3.5651634060535313
-3.5631505182186025
-3.561138703780124
-3.5591279615939015
-3.557118290517572
-3.555109737839639
-3.553124672446447
-3.5511406627981126
-3.5491577077722494
-3.547175806248261
-3.5451949571073356
-3.5432151592324415
-3.5412364115083275
-3.539258712821512
-3.537282062060287
-3.5353064581147087
-3.533331899876597
-3.527114975202607
-3.519500731560631
-3.5118905118263624
-3.5042843117490055
-3.4966821270845005
-3.4890839535955105
-3.4814897870513897
-3.4738996232281973
-3.4663134579086594
-3.458731286882164
-3.451153105944745
-3.44466731411835
-3.4392668383930984
-3.433869200168284
-3.4284743964637245
-3.423082424303944
-3.4176932807181384
-3.4123069627401836
-3.4069234674086144
-3.401542791766621
-3.3961649328620407
-3.3907898877473346
-3.3850504398251493
-3.3782188910919797
-3.3713909111428895
-3.3645664962511805
-3.35774564269598
-3.35092834676225
-3.3441146047407537
-3.337304412928054
-3.3304977676265
-3.323694665144213
-3.3168951017950814
-3.310102136412204
-3.307640216253283
-3.3051795748471444
-3.3027202108660756
-3.300262122984434
-3.2978053098786355
-3.2953497702271575
-3.292895502710528
-3.290442506011328
-3.287990778814181
-3.2855403198057553
-3.2830911276747514
-3.2806708479704287
-3.2782610145440194
-3.275852425062428
-3.2734450782420796
-3.271038972801385
-3.2686341074607372
-3.2662304809425073
-3.2638280919710385
-3.261426939272643
-3.2590270215756
-3.2566283376101484
-3.2530910407181364
-3.2484159301458306
-3.2437432192183397
-3.2390729054735425
-3.2344049864531064
-3.2297394597024804
-3.22507632277088
-3.220415573211292
-3.2157572085804547
-3.2111012264388568
-3.2064476243507256
-3.202578270320128
-3.2010606519289677
-3.1995438081288823
-3.1980277381295736
-3.1965124411419525
-3.1949979163781372
-3.193484163051448
-3.1919711803764095
-3.1904589675687416
-3.1889475238453646
-3.18743684842439
-3.1859269405251225
-3.184428183664387
-3.1829301951955036
-3.181432966644265
-3.1799364972400617
-3.1784407862134545
-3.1769458327961764
-3.1754516362211236
-3.173958195722361
-3.1724655105351114
-3.170973579895761
-3.1694824030418505
-3.1647415924948445
-3.158937213521112
-3.153135762722856
-3.1473372371471746
-3.1415416338456246
-3.1357489498742237
-3.1299591822934336
-3.124172328168155
-3.1183883845677145
-3.112607348565861
-3.1068292172407523
-3.1038548462413615
-3.103652798259526
-3.103450851643737
-3.103249006292337
-3.1030472621038205
-3.102845618976834
-3.102644076810178
-3.102442635502803
-3.1022412949538123
-3.10204005506246
-3.1018389157281514
-3.1016376797737637
-3.1014359602832244
-3.101234341438504
-3.1010328231392204
-3.100831405285141
-3.1006300877761843
-3.100428870512417
-3.100227753394055
-3.1000267363214644
-3.0998258191951584
-3.0996250019158
-3.099424282907021
-3.099222891014523
-3.099021599055922
-3.0988204069320893
-3.098619314544044
-3.098418321792952
-3.0982174285801265
-3.098016634807027
-3.0978159403752588
-3.097615345186574
-3.0974148491428704
-3.0972144521461904
-3.0970135775933842
-3.0968126116364507
-3.096611744811766
-3.0964109770215775
-3.0962103081682795
-3.096009738154409
-3.0958092668826467
-3.095608894255818
-3.095408620176891
-3.0952084445489776
-3.095008367275331
-3.0948080072269692
-3.0946073663878333
-3.094406823986442
-3.094206379926253
-3.0940060341108646
-3.0938057864440176
-3.0936056368295937
-3.0934055851716167
-3.09320563137425
-3.0930057753417985
-3.092806016978707
-3.09260616718913
-3.0924058505845853
-3.092205631731169
-3.0920055105335256
-3.0918054868964395
-3.091605560724834
-3.0914057319237713
-3.0912060003984525
-3.0910063660542164
-3.0908068287965413
-3.090607388531042
-3.090408044819911
-3.090208051567494
-3.0900081553873493
-3.0898083561852885
-3.0896086538672614
-3.0894090483393537
-3.0892095395077885
-3.089010127278924
-3.0888108115592545
-3.0886115922554116
-3.0884124692741604
-3.0882134425224015
-3.0871207435797166
-3.0857308769810596
-3.0843416810861686
-3.082953155248035
-3.081565298820591
-3.080178111158697
-3.078791591618149
-3.0774057395556724
-3.076020554328921
-3.0746360352964763
-3.0732521818178444
-3.0642109949641556
-3.047509901324846
-3.0308168245270304
-3.014131756877921
-2.9974546906958097
-2.9807856183100276
-2.9641245320609304
-2.9474714242998967
-2.9308262873892588
-2.914189113702327
-2.8975598956233566
-2.8848967574444933
-2.8841509630699127
-2.8834055248104047
-2.8826604423260442
-2.8819157152773913
-2.8811713433254926
-2.8804273261318785
-2.879683663358563
-2.8789403546680448
-2.878197399723301
-2.8774547981877925
-2.876712552998107
-2.8759717096590123
-2.875231218222524
-2.8744910783544904
-2.873751289721237
-2.873011851989564
-2.8722727648267448
-2.871534027900526
-2.870795640879127
-2.870057603431237
-2.869319915226017
-2.868582575933097
-2.867846162969807
-2.867110287712892
-2.866374760017618
-2.865639579555825
-2.8649047459998185
-2.864170259022368
-2.863436118296706
-2.8627023234965256
-2.861968874295982
-2.8612357703696896
-2.8605030113927232
-2.8597709757790852
-2.859039659342547
-2.8583086865292056
-2.8575780570162954
-2.8568477704815067
-2.856117826602984
-2.8553882250593237
-2.854658965529574
-2.8539300476932357
-2.8532014712302582
-2.852473235821041
-2.8512026303930904
-2.8483222889908903
-2.8454432940138163
-2.842565644203677
-2.839689338304039
-2.8368143750602335
-2.8339407532193426
-2.8310684715302066
-2.8281975287434125
-2.825327923611294
-2.822459654887928
-2.8195937372202313
-2.8173396092213547
-2.815086529531683
-2.8128344971766133
-2.8105835111829
-2.808333570578652
-2.806084674393335
-2.8038368216577623
-2.8015900114040972
-2.799344242665849
-2.797099514477868
-2.794855825876351
-2.7926366386984385
-2.7904262433741343
-2.7882168703156283
-2.786008518577801
-2.7838011872168433
-2.7815948752902524
-2.7793895818568317
-2.7771853059766864
-2.774982046711224
-2.7727798031231474
-2.7705785742764593
-2.7687308700228614
-2.767235127584146
-2.7657400733965285
-2.764245706826915
-2.762752027243088
-2.7612590340136975
-2.7597667265082664
-2.758275104097185
-2.756784166151711
-2.755293912043965
-2.753804341146935
-2.75231829597747
-2.7508414328499247
-2.749365245864031
-2.7478897344009634
-2.7464148978427487
-2.744940735572262
-2.743467246973222
-2.7419944314301943
-2.740522288328586
-2.7390508170546455
-2.737580016995461
-2.7361098898830787
-2.734651433155927
-2.733193640797759
-2.7317365122035717
-2.7302800467691886
-2.7288242438912573
-2.7273691029672484
-2.7259146233954543
-2.7244608045749876
-2.7230076459057795
-2.7215551467885772
-2.720103306624945
-2.7186601298870143
-2.717220277152197
-2.7157810767458552
-2.714342528077182
-2.7129046305561673
-2.7114673835936047
-2.7100307866010875
-2.708594838991006
-2.7071595401765456
-2.7057248895716888
-2.7042908865912123
-2.7007804386442276
-2.6951907013135874
-2.689603483867815
-2.684018784035981
-2.678436599550218
-2.672856928145727
-2.667279767560764
-2.661705115536637
-2.656132969817701
-2.6505633281513497
-2.6449961882880144
-2.6407651299453017
-2.640467918258126
-2.640170839894509
-2.6398738947348916
-2.6395770826598755
-2.639280403550222
-2.6389838572868536
-2.6386874437508525
-2.6383911628234604
-2.638095014386078
-2.6377989983202648
-2.637503112415867
-2.637206629988933
-2.6369102799053907
-2.6366140620471428
-2.6363179762962496
-2.6360220225349287
-2.6357262006455553
-2.6354305105106626
-2.63513495201294
-2.634839525035233
-2.6345442294605443
-2.6342490651720323
-2.633953487670254
-2.633657862453532
-2.6333623684944754
-2.6330670056765775
-2.6327717738834893
-2.632476672999015
-2.632181702907114
-2.6318868634918995
-2.631592154637639
-2.631297576228753
-2.6310031281498167
-2.6307084506470217
-2.6304135469055567
-2.6301187734650306
-2.62982413021035
-2.6295296170265727
-2.6292352337989096
-2.628940980412723
-2.6286468567535266
-2.6283528627069863
-2.628058998158918
-2.627765262995289
-2.6274714785690656
-2.627177292932846
-2.6268832366515777
-2.6265893096115533
-2.6262955116992175
-2.626001842801163
-2.6257083028041333
-2.6254148915950193
-2.6251216090608622
-2.624828455088851
-2.6245354295663232
-2.6242408815684466
-2.6227808916132607
-2.6213215405331485
-2.6198628277692264
-2.618404752763343
-2.6169473149580793
-2.615490513796746
-2.6140343487233824
-2.612578819182757
-2.6111239246203644
-2.6096696644824244
-2.6082160382158817
-2.6049957513771447
-2.601191197126856
-2.5973882990099697
-2.593587055585275
-2.5897874654134405
-2.58598952705701
-2.582193239080403
-2.578398600049912
-2.574605608533694
-2.570814263101771
-2.5670245623260244
-2.564799115803108
-2.5641326003242173
-2.5634663735987835
-2.5628004353767224
-2.5621347854082748
-2.5614694234440054
-2.5608043492348025
-2.560139562531878
-2.5594750630867655
-2.5588108506513216
-2.5581469249777236
-2.557483430739739
-2.556820656617064
-2.55615816826514
-2.555495965437639
-2.5548340478885523
-2.554172415372188
-2.5535110676431727
-2.552850004456449
-2.552189225567276
-2.5515287307312278
-2.5508685197041934
-2.550208592242378
-2.549549517576843
-2.548890725764852
-2.548232216544392
-2.547573989673128
-2.5469160449090396
-2.546258382010415
-2.5456010007358536
-2.544943900844265
-2.5442870820948675
-2.54363054424719
-2.5429742870610674
-2.542318730364173
-2.5416635939584404
-2.541008737256455
-2.5403541600194863
-2.539699862009108
-2.539045842987199
-2.5383921027159433
-2.537738640957828
-2.5370854574756447
-2.5364325520324873
-2.535779924391752
-2.53512773138521
-2.534475973153556
-2.5338244918826724
-2.5331732873372728
-2.5325223592823716
-2.5318717074832815
-2.531221331705615
-2.5305712317152813
-2.529921407278489
-2.5292718581617426
-2.528622584131844
-2.527973782179361
-2.527325837028367
-2.5266781659367377
-2.5260307686727357
-2.5253836450049167
-2.5247367947021293
-2.524090217533516
-2.52344391326851
-2.522797881676838
-2.5221521225285173
-2.521506635593856
-2.520861422040377
-2.520217012929213
-2.519572875119519
-2.5189290083829516
-2.5182854124914544
-2.5176420872172582
-2.5169990323328837
-2.516356247611135
-2.515713732825105
-2.5150714877481706
-2.514429512153995
-2.513787805816526
-2.5103087494683685
-2.50589680542942
-2.5014867095178306
-2.497078460185915
-2.4926720558879367
-2.4882674950800943
-2.4838647762205275
-2.479463897769304
-2.4750648581884294
-2.4706676559418272
-2.4662722894953544
-2.4639595271626487
-2.4637123891136152
-2.463465354113862
-2.4632184220774884
-2.462971592918701
-2.4627248665518118
-2.4624782428912417
-2.4622317218515186
-2.4619853033472756
-2.4617389872932534
-2.461492773604298
-2.4612465044476046
-2.460999868241349
-2.460753334405581
-2.4605069028553532
-2.4602605735058267
-2.4600143462722657
-2.459768221070041
-2.459522197814629
-2.4592762764216096
-2.459030456806669
-2.4587847388855977
-2.4585391218488564
-2.4582929855692526
-2.4580469509883036
-2.4578010180220047
-2.4575551865864544
-2.457309456597856
-2.457063827972515
-2.4568183006268427
-2.4565728744773523
-2.45632754944066
-2.456082325433486
-2.455837202372652
-2.4555917176562003
-2.4553461804300927
-2.4551007441545933
-2.454855408746726
-2.4546101741236175
-2.4543650402024957
-2.4541200069006917
-2.4538750741356368
-2.453630241824865
-2.4533855098860116
-2.453140878236813
-2.4528960412079073
-2.452650999445825
-2.452406057977062
-2.4521612167195546
-2.4519164755913376
-2.4516718345105484
-2.4514272933954233
-2.4511828521643
-2.4509385107356154
-2.450694269027906
-2.4504501269598093
-2.450205933075685
-2.4499613848959476
-2.4497169363589
-2.4494725873833754
-2.4492283378883055
-2.4489841877927216
-2.4487401370157538
-2.448496185476631
-2.448252333094679
-2.4480085797893243
-2.44776492548009
-2.4475213700865983
-2.4472773137852446
-2.4470333563139075
-2.4467894977609137
-2.446545738046078
-2.446302077089313
-2.4460585148106277
-2.44581505113013
-2.4455716859680225
-2.445328419244607
-2.4450852508802803
-2.4448421807955363
-2.44351121813804
-2.441816958090087
-2.4401233819695944
-2.43843048922462
-2.436738279303889
-2.4350467516567904
-2.433355905733382
-2.431665740984386
-2.4299762568611865
-2.4282874528158302
-2.426599328301027
-2.4240923973765396
-2.420777224769831
-2.4174633844935407
-2.414150875477199
-2.4108396966516286
-2.407529846948942
-2.4042213253025313
-2.400914130647081
-2.3976082619185464
-2.394303718054168
-2.391000497992465
-2.38771811810278
-2.384494749511587
-2.38127267065419
-2.3780518804989073
-2.3748323780152876
-2.371614162174126
-2.368397231947441
-2.365181586308489
-2.3619672242317544
-2.3587541446929463
-2.3555423466690026
-2.3523384904797933
-2.3519417571915224
-2.351545181948513
-2.3511487646248943
-2.3507525050949476
-2.3503564032331035
-2.349960458913942
-2.349564672012194
-2.3491690424027376
-2.3487735699606023
-2.348378254560966
-2.3479830960791532
-2.347587781908119
-2.3471925215009484
-2.346797417803159
-2.346402470690539
-2.3460076800390226
-2.3456130457246935
-2.3452185676237813
-2.3448242456126627
-2.344430079567861
-2.344036069366047
-2.3436422148840363
-2.343248309875156
-2.34285435568937
-2.3424605570168637
-2.3420669137349086
-2.34167342572092
-2.3412800928524593
-2.3408869150072324
-2.3404938920630896
-2.3401010238980255
-2.3397083103901792
-2.3393157514178324
-2.3389232447561232
-2.338530588260651
-2.3381380860960537
-2.337745738141061
-2.3373535442745466
-2.336961504375526
-2.3365696183231575
-2.3361778859967415
-2.3357863072757215
-2.3353948820396804
-2.3350036101683447
-2.334611418017355
-2.333053806969042
-2.331496805493327
-2.3299404131132837
-2.3283846293525463
-2.326829453735305
-2.325274885786308
-2.3237209250308615
-2.3221675709948273
-2.320614823204623
-2.3190626811872193
-2.3175111444701395
-2.316545490862635
-2.3157746882468233
-2.315004185875355
-2.314233983514417
-2.313464080930469
-2.3126944778902465
-2.3119251741607534
-2.3111561695092675
-2.3103874637033375
-2.3096190565107824
-2.3088509476996917
-2.308084002261152
-2.307318218782298
-2.3065527323200854
-2.305787542644201
-2.305022649524602
-2.3042580527315097
-2.3034937520354144
-2.3027297472070725
-2.3019660380175067
-2.3012026242380044
-2.3004395056401195
-2.299488218268403
-2.2979715156738307
-2.2964553988480936
-2.2949398673389045
-2.2934249206944988
-2.291910558463637
-2.290396780195599
-2.2888835854401886
-2.287370973747728
-2.2858589446690587
-2.284347497755542
-2.282836632559059
-2.281338817961898
-2.2798415859776635
-2.2783449295749216
-2.2768488483112996
-2.2753533417449363
-2.2738584094344776
-2.272364050939079
-2.270870265818402
-2.2693770536326174
-2.2678844139423995
-2.266392346308928
-2.2656886828197984
-2.2652433776526606
-2.264798242953503
-2.264353278591861
-2.2639084844374207
-2.2634638603600163
-2.263019406229633
-2.2625751219164028
-2.2621310072906082
-2.2616870622226797
-2.261243286583196
-2.2607995774908223
-2.2603559360376897
-2.2599124637035004
-2.2594691603593655
-2.2590260258765427
-2.2585830601264374
-2.2581402629806013
-2.2576976343107327
-2.2572551739886766
-2.2568128818864244
-2.256370757876113
-2.2559287508467447
-2.2554867607577513
-2.25504493845462
-2.2546032838100105
-2.2541617966967284
-2.253720476987724
-2.2532793245560914
-2.252838339275069
-2.252397521018041
-2.2519568696585326
-2.2515163850702145
-2.2510760667036513
-2.2506357157654846
-2.2501955312958017
-2.249755513168788
-2.249315661258771
-2.248875975440222
-2.2484364555877527
-2.247997101576118
-2.2475579132802137
-2.247118890575078
-2.246680033335889
-2.246241341437968
-2.245802666528176
-2.24536410782864
-2.2449257141713543
-2.244487485432145
-2.2440494214869795
-2.243611522211963
-2.243173787483342
-2.2427362171775025
-2.2422988111709694
-2.241861569340405
-2.2414244915626136
-2.2401190638708224
-2.2379506133848
-2.2357829755848457
-2.2336161498620344
-2.231450135608125
-2.229284932215561
-2.2271205390774678
-2.2249569555876496
-2.2227941811405953
-2.220632215131466
-2.218471056956108
-2.215108027292475
-2.20815872122583
-2.2012120089086404
-2.1942678884054594
-2.187326357782994
-2.180387415110126
-2.173451058457883
-2.1665172858994586
-2.1595860955101904
-2.152657485367582
-2.1457314535512593
-2.1388126340618374
-2.1387789097056698
-2.138745197885267
-2.138711498591314
-2.1386778118145044
-2.138644137545543
-2.1386104757751463
-2.138576826494038
-2.138543189692955
-2.1385095653626434
-2.138475953493859
-2.1384423540773687
-2.138408669235943
-2.1383749643020526
-2.138341271841072
-2.138307591843773
-2.138273924300938
-2.1382402692033584
-2.1382066265418382
-2.1381729963071896
-2.138139378490235
-2.1381057730818083
-2.1380721800727525
-2.138038534547572
-2.138004836519785
-2.137971150911795
-2.13793747771445
-2.1379038169186098
-2.137870168515142
-2.1378365324949256
-2.1378029088488497
-2.1377692975678126
-2.1377356986427234
-2.1377021120645012
-2.1376685055723557
-2.1376348144699606
-2.137601135734671
-2.1375674693574123
-2.1375338153291175
-2.1375001736407313
-2.137466544283207
-2.137432927247509
-2.137399322524611
-2.1373657301054965
-2.1373321499811597
-2.137298582142604
-2.137264885847831
-2.137231201763195
-2.1371975299888635
-2.1371638705158422
-2.137130223335146
-2.1370965884378
-2.137062965814839
-2.137029355457308
-2.1369957573562615
-2.136962171502763
-2.136928597887888
-2.1368949493442897
-2.1368612844624693
-2.136827631834673
-2.136793991451983
-2.1367603633054926
-2.136726747386302
-2.1366931436855237
-2.136659552194278
-2.1366259729036967
-2.1365924058049193
-2.136558850889097
-2.13652524411123
-2.136491586159228
-2.1364579404098687
-2.1364243068543067
-2.136390685483707
-2.136357076289244
-2.136323479262102
-2.1362898943934736
-2.136256321674562
-2.1362227610965805
-2.1361892126507502
-2.1361556443385954
-2.136121993334941
-2.1360883544829496
-2.1360547277738466
-2.13602111319887
-2.1359875107492647
-2.1359539204162865
-2.1359203421912003
-2.135886776065281
-2.135853222029812
-2.1358196800760862
-2.1357861499588267
-2.135752505921766
-2.135718873985784
-2.135685254142179
-2.135651646382258
-2.135618050697338
-2.1355844670787456
-2.1355508955178157
-2.1355173360058934
-2.135483788534333
-2.1354502530944988
-2.135416729677762
-2.135383123852044
-2.135349498850431
-2.1353158858910732
-2.1352822849653488
-2.1352486960646444
-2.1352151191803563
-2.13518155430389
-2.1351480014266597
-2.1351144605400894
-2.135080931635612
-2.1350474147046694
-2.1348623966439995
-2.1345266537820184
-2.134191030689138
-2.1338555272799384
-2.133520143469091
-2.1331848791713592
-2.132849734301597
-2.1325147087747487
-2.132179802505851
-2.131845015410029
-2.1315103474025014
-2.13123446777969
-2.131133925836613
-2.1310334196195386
-2.130932949103087
-2.130832514261905
-2.1307321150706655
-2.1306317515040702
-2.130531423536846
-2.1304311311437476
-2.1303308742995566
-2.1302306529790807
-2.130130467023901
-2.1300300039287436
-2.1299295763925827
-2.129829184390256
-2.129728827896626
-2.1296285068865832
-2.1295282213350437
-2.129427971216951
-2.1293277565072746
-2.129227577181011
-2.1291274332131835
-2.1290273245788405
-2.128927017997783
-2.128826669071107
-2.1287263555127947
-2.1286260772979224
-2.1285258344015943
-2.12842562679894
-2.128325454465116
-2.128225317375305
-2.1281252155047157
-2.128025148828582
-2.1279251173221656
-2.127824966438141
-2.1277246960489573
-2.127624460863969
-2.1275242608584657
-2.1274240960077617
-2.127323966287198
-2.1272238716721406
-2.127123812137983
-2.1270237876601437
-2.1269237982140665
-2.126823843775222
-2.126723838563673
-2.126623610211264
-2.126523416912913
-2.126423258644108
-2.1263231353803635
-2.1262230470972208
-2.1261229937702444
-2.1260229753750264
-2.125922991887184
-2.125823043282359
-2.12572312953622
-2.1256232497962544
-2.125523136406582
-2.1254230578965725
-2.1253230142419293
-2.1252230054183827
-2.1251230314016873
-2.1250230921676234
-2.1249231876919965
-2.1248233179506375
-2.1247234829194017
-2.124623682574171
-2.124523916890851
-2.1244239570104226
-2.1243239566576606
-2.1242239910001244
-2.1241240600137474
-2.124024163674488
-2.123924301958329
-2.123824474841279
-2.1237246822993714
-2.123624924308664
-2.1235252008452394
-2.123425511885206
-2.1233257055329022
-2.1232257832645205
-2.1231258955324663
-2.123026042312875
-2.122926223581905
-2.122826439315741
-2.122726689490591
-2.122626974082688
-2.122527293068291
-2.1224276464236813
-2.1223280341251662
-2.12222838038987
-2.1221285361324873
-2.1220287262537636
-2.1219289507300316
-2.1218292095376503
-2.1217295026530008
-2.1216298300524907
-2.12153019171255
-2.121430587609635
-2.121331017720224
-2.121231482020822
-2.121131980001512
-2.1210322136812465
-2.1209324815831856
-2.120832783683859
-2.120733119959822
-2.1206334903876525
-2.120533894943952
-2.1204343336053477
-2.1203348063484895
-2.1202353131500518
-2.1201358539867328
-2.120036428835255
-2.1192656909084087
-2.118272979332154
-2.117280606883479
-2.1162885733307575
-2.1152968784426025
-2.114305521987863
-2.1133145037356256
-2.112323823455213
-2.1113334809161812
-2.110343475888327
-2.1093538081416776
-2.1082686574380562
-2.107088417899218
-2.1059085800413446
-2.1047291435911153
-2.103550108275487
-2.102371473821695
-2.1011932399572526
-2.1000154064099505
-2.0988379729078597
-2.0976609391793226
-2.0964843049529636
-2.095309922533916
-2.0941414792344215
-2.092973432117978
-2.091805780916011
-2.090638525360217
-2.0894716651825656
-2.0883052001152977
-2.08713912989093
-2.0859734542422466
-2.0848081729023042
-2.0836432856044307
-2.082478793374527
-2.081321911715976
-2.08016542086267
-2.0790093205506657
-2.0778536105162813
-2.076698290496107
-2.0755433602269973
-2.0743888194460722
-2.0732346678907194
-2.072080905298592
-2.0709275314076065
-2.0697745459559447
-2.068627234369201
-2.0674820722389917
-2.0663372953932315
-2.065192903572755
-2.0640488965186563
-2.0629052739722895
-2.0617620356752724
-2.060619181369479
-2.0594767107970493
-2.0583346237003757
-2.0571929198221164
-2.0560548319783494
-2.054920365340745
-2.053786278981769
-2.0526525726465654
-2.0515192460805323
-2.050386299029326
-2.049253731238856
-2.048121542455287
-2.0469897324250406
-2.0458583008947904
-2.044727247611466
-2.042487416870079
-2.0369773125538218
-2.0314690484654356
-2.02596262337615
-2.0204580360584394
-2.014955285285992
-2.009454369833735
-2.0039552884778145
-1.998458039995604
-1.992962623165695
-1.9874690367679015
-1.9819828134742987
-1.9784493791516118
-1.9749171205823648
-1.9713860369843546
-1.9678561275761541
-1.9643273915771187
-1.9607998282073789
-1.9572734366878468
-1.953748216240203
-1.9502241660869146
-1.9467012854512118
-1.943179573557103
-1.9401525114983416
-1.9372887637377654
-1.9344259651019613
-1.9315641149620069
-1.9287032126896
-1.9258432576570703
-1.922984249237361
-1.9201261868040473
-1.9172690697313222
-1.9144128973939947
-1.9115576691675018
-1.9099590902427828
-1.9096060158144097
-1.909253057979548
-1.9089002166612188
-1.90854749178252
-1.908194883266626
-1.9078423910367859
-1.9074900150163259
-1.907137755128648
-1.9067856112972288
-1.9064335834456214
-1.9060816126327582
-1.9057295827304397
-1.9053776686559651
-1.9050258703331386
-1.9046741876858388
-1.9043226206380197
-1.9039711691137102
-1.9036198330370142
-1.9032686123321103
-1.9029175069232518
-1.9025665167347665
-1.902215641371495
-1.9018646498687122
-1.9015137734356367
-1.9011630119968446
-1.900812365476985
-1.9004618338007822
-1.900111416893033
-1.8997611146786089
-1.899410927082455
-1.8990608540295901
-1.8987108954451064
-1.8983610512541698
-1.8980111491773963
-1.897661304319987
-1.8973115737069182
-1.8969619572635996
-1.8966124549155141
-1.8962630665882174
-1.895913792207338
-1.8955646316985768
-1.8952155849877084
-1.894866652000579
-1.8945178326631074
-1.8936481000011187
-1.8922590734816538
-1.8908704989351885
-1.8894823760676853
-1.8880947045853926
-1.8867074841948477
-1.8853207146028708
-1.8839343955165706
-1.882548526643338
-1.8811631076908522
-1.8797781383670737
-1.877922093938087
-1.874654522626266
-1.871388010751955
-1.868122557628381
-1.8648581625694343
-1.8615948248896756
-1.8583325439043292
-1.8550713189292853
-1.8518111492810965
-1.848552034276977
-1.845293973234811
-1.8420369654731368
-1.8404368298144314
-1.8388373237056537
-1.8372383341913174
-1.8356398609378408
-1.8340419036119637
-1.83244446188075
-1.830847535411584
-1.8292511238721725
-1.827655226930545
-1.82605984425505
-1.8244649755143576
-1.823827751374834
-1.8235104566687108
-1.8231932640768667
-1.822876173533596
-1.822559184973258
-1.8222422983302726
-1.8219255135391257
-1.8216088305343645
-1.8212922492505996
-1.8209757696225055
-1.8206593915848188
-1.8203429189383664
-1.8200263510901484
-1.8197098847628914
-1.819393519891502
-1.8190772564109499
-1.818761094256267
-1.8184450333625473
-1.818129073664948
-1.8178132150986879
-1.817497457599048
-1.8171818011013716
-1.8168662050232796
-1.816550590182451
-1.8162350762011674
-1.8159196630149863
-1.8156043505595278
-1.8152891387704737
-1.814974027583567
-1.8146590169346124
-1.8143441067594759
-1.8140292969940848
-1.8137145875744283
-1.8133999777323841
-1.8130851960270375
-1.812770514562626
-1.8124559332753265
-1.8121414521013781
-1.81182707097708
-1.8115127898387928
-1.8111986086229372
-1.8108845272659948
-1.810570545704508
-1.810256663875079
-1.8099428817143712
-1.8096289957960499
-1.8093151425073106
-1.8090013887833836
-1.8086877345611176
-1.808374179777423
-1.8080607243692692
-1.807747368273685
-1.8074341114277603
-1.8071209537686435
-1.8068078952335436
-1.8064949357597284
-1.8061819408143238
-1.8058689113934918
-1.8055559809307922
-1.8052431493636771
-1.8049304166296583
-1.804617782666307
-1.804305247411253
-1.8039928108021854
-1.803680472776852
-1.8033682332730605
-1.803056092228676
-1.8027439827925436
-1.802431772964952
-1.802119661494364
-1.8018076483188274
-1.801495733376449
-1.8011839166053927
-1.800872197943882
-1.800560577330198
-1.8002490547026806
-1.7999376299997272
-1.7996263031597939
-1.799315073823167
-1.799003679346914
-1.7986923826320202
-1.798381183617121
-1.7980700822409093
-1.7977590784421362
-1.7974481721596105
-1.7971373633321979
-1.7968266518988223
-1.7965160377984646
-1.7962055209701626
-1.7958951013530127
-1.795584583042028
-1.795274096878782
-1.7949637078258827
-1.7946534158226028
-1.7943432208082726
-1.7940331227222783
-1.7937231215040637
-1.7934132170931285
-1.7931034094290303
-1.7927936984513817
-1.7924840840998535
-1.7921744369264072
-1.7918647571428101
-1.7915551738852562
-1.79124568709359
-1.7909362967077134
-1.7906270026675837
-1.7903178049132142
-1.790008703384675
-1.789699698022091
-1.7893907887656442
-1.7890819755555714
-1.7880870583880015
-1.7850346861929125
-1.7819832621600176
-1.7789327857004427
-1.7758832562258657
-1.7728346731485054
-1.7697870358811298
-1.766740343837052
-1.7636945964301376
-1.7606497930747895
-1.7576059331859557
-1.7545630161791341
-1.753065839785046
-1.7515696135664924
-1.7500738503965132
-1.748578549988592
-1.7470837120564764
-1.7455893363141788
-1.7440954224759802
-1.7426019702564235
-1.7411089793703156
-1.7396164495327309
-1.7381243804590052
-1.7366427691065818
-1.7351649588062847
-1.733687604303595
-1.7322107053174403
-1.7307342615670052
-1.7292582727717352
-1.7277827386513336
-1.7263076589257653
-1.7248330333152508
-1.7233588615402715
-1.721885143321564
-1.7196940226507045
-1.7167945564217895
-1.7138959814447752
-1.7109982971719169
-1.7081015030559705
-1.7052055985502015
-1.7023105831083738
-1.6994164561847553
-1.6965232172341225
-1.6936308657117436
-1.690739401073398
-1.6885791766902627
-1.6885791766902627
-1.6885791766902627
-1.6885791766902627
-1.6885791766902627
-1.6885791766902627
-1.6885791766902627
-1.6885791766902627
-1.6885791766902627
-1.6885791766902627
-1.6885791766902627
-1.6885791766902627
-1.6885791766902627
-1.6885791766902627
-1.6885791766902627
-1.6885791766902627
-1.6885791766902627
-1.6885791766902627
-1.6885791766902627
-1.6885791766902627
-1.6885791766902627
-1.6885791766902627
-1.6885791766902627
-1.6885791766902627
-1.6885791766902627
-1.6885791766902627
-1.6885791766902627
-1.6885791766902627
-1.6885791766902627
-1.6885791766902627
-1.6885791766902627
-1.6885791766902627
-1.6885791766902627
-1.6885791766902627
-1.6885791766902627
-1.6885791766902627
-1.6885791766902627
-1.6885791766902627
-1.6885791766902627
-1.6885791766902627
-1.6885791766902627
-1.6885791766902627
-1.6885791766902627
-1.6885791766902627
-1.6885791766902627
-1.6885791766902627
-1.6885791766902627
-1.6885791766902627
-1.6885791766902627
-1.6885791766902627
-1.6885791766902627
-1.6885791766902627
-1.6885791766902627
-1.6885791766902627
-1.6885791766902627
-1.6885791766902627
-1.6885791766902627
-1.6885791766902627
-1.6885791766902627
-1.6885791766902627
-1.6885791766902627
-1.6885791766902627
-1.6885791766902627
-1.6885791766902627
-1.6885791766902627
-1.6885791766902627
-1.6885791766902627
-1.6885791766902627
-1.6885791766902627
-1.6885791766902627
-1.6885791766902627
-1.6885791766902627
-1.6885791766902627
-1.6885791766902627
-1.6885791766902627
-1.6885791766902627
-1.6885791766902627
-1.6885791766902627
-1.6885791766902627
-1.6885791766902627
-1.6885791766902627
-1.6885791766902627
-1.6885791766902627
-1.6885791766902627
-1.6885791766902627
-1.6885791766902627
-1.6885791766902627
-1.6885791766902627
-1.6885791766902627
-1.6885791766902627
-1.6885791766902627
-1.6885791766902627
-1.6885791766902627
-1.6885791766902627
-1.6885791766902627
-1.6885791766902627
-1.6885791766902627
-1.6885791766902627
-1.6885791766902627
-1.6885791766902627
-1.6885791766902627
-1.6885791766902627
-1.6885791766902627
-1.6885791766902627
-1.6885791766902627
-1.6885791766902627
-1.6885791766902627
-1.6885791766902627
-1.6885791766902627
-1.6885791766902627
-1.6885791766902627
-1.6885791766902627
-1.6885791766902627
-1.6885791766902627
-1.6885791766902627
-1.6885791766902627
-1.6885791766902627
-1.6885791766902627
-1.6885791766902627
-1.6885791766902627
-1.6885791766902627
-1.6885791766902627
-1.6885791766902627
-1.6885791766902627
-1.6885791766902627
-1.6885791766902627
-1.6885791766902627
-1.6885791766902627
-1.6885791766902627
-1.6885791766902627
-1.6885791766902627
-1.6885791766902627
-1.6885791766902627
-1.6885791766902627
-1.6885791766902627
-1.6885791766902627
-1.6885791766902627
-1.6885791766902627
-1.6885791766902627
-1.6885791766902627
-1.6885791766902627
-1.6885791766902627
-1.6885791766902627
-1.6885791766902627
-1.6885791766902627
-1.6885791766902627
-1.6885791766902627
-1.6885791766902627
-1.6885791766902627
-1.6885791766902627
-1.6885791766902627
-1.6885791766902627
-1.6885791766902627
-1.6885791766902627
-1.6885791766902627
-1.6885791766902627
-1.6885791766902627
-1.6885791766902627
-1.6885791766902627
-1.6885791766902627
-1.6885791766902627
-1.6885791766902627
-1.6885791766902627
-1.6885791766902627
-1.6885791766902627
-1.6885791766902627
-1.6885791766902627
-1.6885791766902627
-1.6885791766902627
-1.6885791766902627
-1.6885791766902627
-1.6885791766902627
-1.6885791766902627
-1.6885791766902627
-1.6885791766902627
-1.6885791766902627
-1.6885791766902627
-1.6885791766902627
-1.6885791766902627
-1.6885791766902627
-1.6885791766902627
-1.6885791766902627
-1.6885791766902627
-1.6885791766902627
-1.6885791766902627
-1.6885791766902627
-1.6885791766902627
-1.6885791766902627
-1.6885791766902627
-1.6885791766902627
-1.6885791766902627
-1.6885791766902627
-1.6885791766902627
-1.6885791766902627
-1.6885791766902627
-1.6885791766902627
-1.6885791766902627
-1.6885791766902627
-1.6885791766902627
-1.6885791766902627
-1.6885791766902627
-1.6885791766902627
-1.6885791766902627
-1.6885791766902627
-1.6885791766902627
-1.6885791766902627
-1.6885791766902627
-1.6885791766902627
-1.6885791766902627
-1.6885791766902627
-1.6885791766902627
-1.6885791766902627
-1.6885791766902627
-1.6885791766902627
-1.6885791766902627
-1.6885791766902627
-1.6885791766902627
-1.6885791766902627
-1.6885791766902627
-1.6885791766902627
-1.6885791766902627
-1.6885791766902627
-1.6885791766902627
-1.6885791766902627
-1.6885791766902627
-1.6885791766902627
-1.6885791766902627
-1.6885791766902627
-1.6885791766902627
-1.6885791766902627
-1.6885791766902627
-1.6885791766902627
-1.6885791766902627
-1.6885791766902627
-1.6885791766902627
-1.6885791766902627
-1.6885791766902627
-1.6885791766902627
-1.6885791766902627
-1.6885791766902627
-1.6885791766902627
-1.6885791766902627
-1.6885791766902627
-1.6885791766902627
-1.6885791766902627
-1.6885791766902627
-1.6885791766902627
-1.6885791766902627
-1.6885791766902627
-1.6885791766902627
-1.6885791766902627
-1.6885791766902627
-1.6885791766902627
-1.6885791766902627
-1.6885791766902627
-1.6885791766902627
-1.6885791766902627
-1.6885791766902627
-1.6885791766902627
-1.6885791766902627
-1.6885791766902627
-1.6885791766902627
-1.6885791766902627
-1.6885791766902627
-1.6885791766902627
-1.6885791766902627
-1.6885791766902627
-1.6885791766902627
-1.6885791766902627
-1.6885791766902627
-1.6885791766902627
-1.6885791766902627
-1.6885791766902627
-1.6885791766902627
-1.6885791766902627
-1.6885791766902627
-1.6885791766902627
-1.6885791766902627
-1.6885791766902627
-1.6885791766902627
-1.6885791766902627
-1.6885791766902627
-1.6885791766902627
-1.6885791766902627
-1.6885791766902627
-1.6885791766902627
-1.6885791766902627
-1.6885791766902627
-1.6885791766902627
-1.6885791766902627
-1.6885791766902627
-1.6885791766902627
-1.6885791766902627
-1.6885791766902627
-1.6885791766902627
-1.6885791766902627
-1.6885791766902627
-1.6885791766902627
-1.6885791766902627
-1.6885791766902627
-1.6885791766902627
-1.6885791766902627
-1.6885791766902627
-1.6885791766902627
-1.6885791766902627
-1.6885791766902627
-1.6885791766902627
-1.6885791766902627
-1.6885791766902627
-1.6885791766902627
-1.6885791766902627
-1.6885791766902627
-1.6885791766902627
-1.6885791766902627
-1.6885791766902627
-1.6885791766902627
-1.6885791766902627
-1.6885791766902627
-1.6885791766902627
-1.6885791766902627
-1.6885791766902627
-1.6885791766902627
-1.6885791766902627
-1.6885791766902627
-1.6885791766902627
-1.6885791766902627
-1.6885791766902627
-1.6885791766902627
-1.6885791766902627
-1.6885791766902627
-1.6885791766902627
-1.6885791766902627
-1.6885791766902627
-1.6885791766902627
-1.6885791766902627
-1.6885791766902627
-1.6885791766902627
-1.6885791766902627
-1.6885791766902627
-1.6885791766902627
-1.6885791766902627
-1.6885791766902627
-1.6885791766902627
-1.6885791766902627
-1.6885791766902627
-1.6885791766902627
-1.6885791766902627
-1.6885791766902627
-1.6885791766902627
-1.6885791766902627
-1.6885791766902627
-1.6885791766902627
-1.6885791766902627
-1.6885791766902627
-1.6885791766902627
-1.6885791766902627
-1.6885791766902627
-1.6885791766902627
-1.6885791766902627
-1.6885791766902627
-1.6885791766902627
-1.6885791766902627
-1.6885791766902627
-1.6885791766902627
-1.6885791766902627
-1.6885791766902627
-1.6885791766902627
-1.6885791766902627
-1.6885791766902627
-1.6885791766902627
-1.6885791766902627
-1.6885791766902627
-1.6885791766902627
-1.6885791766902627
-1.6885791766902627
-1.6885791766902627
-1.6885791766902627
-1.6885791766902627
-1.6885791766902627
-1.6885791766902627
-1.6885791766902627
-1.6885791766902627
-1.6885791766902627
-1.6885791766902627
-1.6885791766902627
-1.6885791766902627
-1.6885791766902627
-1.6885791766902627
-1.6885791766902627
-1.6885791766902627
-1.6885791766902627
-1.6885791766902627
-1.6885791766902627
-1.6885791766902627
-1.6885791766902627
-1.6885791766902627
-1.6885791766902627
-1.6885791766902627
-1.6885791766902627
-1.6885791766902627
-1.6885791766902627
-1.6885791766902627
-1.6885791766902627
-1.6885791766902627
-1.6885791766902627
-1.6885791766902627
-1.6885791766902627
-1.6885791766902627
-1.6885791766902627
-1.6885791766902627
-1.6885791766902627
-1.6885791766902627
-1.6885791766902627
-1.6885791766902627
-1.6885791766902627
-1.6885791766902627
-1.6885791766902627
-1.6885791766902627
-1.6885791766902627
-1.6885791766902627
-1.6885791766902627
-1.6885791766902627
-1.6885791766902627
-1.6885791766902627
-1.6885791766902627
-1.6885791766902627
-1.6885791766902627
-1.6885791766902627
-1.6885791766902627
-1.6885791766902627
-1.6885791766902627
-1.6885791766902627
-1.6885791766902627
-1.6885791766902627
-1.6885791766902627
-1.6885791766902627
-1.6885791766902627
-1.6885791766902627
-1.6885791766902627
-1.6885791766902627
-1.6885791766902627
-1.6885791766902627
-1.6885791766902627
-1.6885791766902627
-1.6885791766902627
-1.6885791766902627
-1.6885791766902627
-1.6885791766902627
-1.6885791766902627
-1.6885791766902627
-1.6885791766902627
-1.6885791766902627
-1.6885791766902627
-1.6885791766902627
-1.6885791766902627
-1.6885791766902627
-1.6885791766902627
-1.6885791766902627
-1.6885791766902627
-1.6885791766902627
-1.6885791766902627
-1.6885791766902627
-1.6885791766902627
-1.6885791766902627
-1.6885791766902627
-1.6885791766902627
-1.6885791766902627
-1.6885791766902627
-1.6885791766902627
-1.6885791766902627
-1.6885791766902627
-1.6885791766902627
-1.6885791766902627
-1.6885791766902627
-1.6885791766902627
-1.6885791766902627
-1.6885791766902627
-1.6885791766902627
-1.6885791766902627
-1.6885791766902627
-1.6885791766902627
-1.6885791766902627
-1.6885791766902627
-1.6885791766902627
-1.6885791766902627
-1.6885791766902627
-1.6885791766902627
-1.6885791766902627
-1.6885791766902627
-1.6885791766902627
-1.6885791766902627
-1.6885791766902627
-1.6885791766902627
-1.6885791766902627
-1.6885791766902627
-1.6885791766902627
-1.6885791766902627
-1.6885791766902627
-1.6885791766902627
-1.6885791766902627
-1.6885791766902627
-1.6885791766902627
-1.6885791766902627
-1.6885791766902627
-1.6885791766902627
-1.6885791766902627
-1.6885791766902627
-1.6885791766902627
-1.6885791766902627
-1.6885791766902627
-1.6885791766902627
-1.6885791766902627
-1.6885791766902627
-1.6885791766902627
-1.6885791766902627
-1.6885791766902627
-1.6885791766902627
-1.6885791766902627
-1.6885791766902627
-1.6885791766902627
-1.6885791766902627
-1.6885791766902627
-1.6885791766902627
-1.6885791766902627
-1.6885791766902627
-1.6885791766902627
-1.6885791766902627
-1.6885791766902627
-1.6885791766902627
-1.6885791766902627
-1.6885791766902627
-1.6885791766902627
-1.6885791766902627
-1.6885791766902627
-1.6885791766902627
-1.6885791766902627
-1.6885791766902627
-1.6885791766902627
-1.6885791766902627
-1.6885791766902627
-1.6885791766902627
-1.6885791766902627
-1.6885791766902627
-1.6885791766902627
-1.6885791766902627
-1.6885791766902627
-1.6885791766902627
-1.6885791766902627
-1.6885791766902627
-1.6885791766902627
-1.6885791766902627
-1.6885791766902627
-1.6885791766902627
-1.6885791766902627
-1.6885791766902627
-1.6885791766902627
-1.6885791766902627
-1.6885791766902627
-1.6885791766902627
-1.6885791766902627
-1.6885791766902627
-1.6885791766902627
-1.6885791766902627
-1.6885791766902627
-1.6885791766902627
-1.6885791766902627
-1.6885791766902627
-1.6885791766902627
-1.6885791766902627
-1.6885791766902627
-1.6885791766902627
-1.6885791766902627
-1.6885791766902627
-1.6885791766902627
-1.6885791766902627
-1.6885791766902627
-1.6885791766902627
-1.6885791766902627
-1.6885791766902627
-1.6885791766902627
-1.6885791766902627
-1.6885791766902627
-1.6885791766902627
-1.6885791766902627
-1.6885791766902627
-1.6885791766902627
-1.6885791766902627
-1.6885791766902627
-1.6885791766902627
-1.6885791766902627
-1.6885791766902627
-1.6885791766902627
-1.6885791766902627
-1.6885791766902627
-1.6885791766902627
-1.6885791766902627
-1.6885791766902627
-1.6885791766902627
-1.6885791766902627
-1.6885791766902627
-1.6885791766902627
-1.6885791766902627
-1.6885791766902627
-1.6885791766902627
-1.6885791766902627
-1.6885791766902627
-1.6885791766902627
-1.6885791766902627
-1.6885791766902627
-1.6885791766902627
-1.6885791766902627
-1.6885791766902627
-1.6885791766902627
-1.6885791766902627
-1.6885791766902627
-1.6885791766902627
-1.6885791766902627
-1.6885791766902627
-1.6885791766902627
-1.6885791766902627
-1.6885791766902627
-1.6885791766902627
-1.6885791766902627
-1.6885791766902627
-1.6885791766902627
-1.6885791766902627
-1.6885791766902627
-1.6885791766902627
-1.6885791766902627
-1.6885791766902627
-1.6885791766902627
-1.6885791766902627
-1.6885791766902627
-1.6885791766902627
-1.6885791766902627
-1.6885791766902627
-1.6885791766902627
-1.6885791766902627
-1.6885791766902627
-1.6885791766902627
-1.6885791766902627
-1.6885791766902627
-1.6885791766902627
-1.6885791766902627
-1.6885791766902627
-1.6885791766902627
-1.6885791766902627
-1.6885791766902627
-1.6885791766902627
-1.6885791766902627
-1.6885791766902627
-1.6885791766902627
-1.6885791766902627
-1.6885791766902627
-1.6885791766902627
-1.6885791766902627
-1.6885791766902627